Country Names,simulation1,simulation2,simulation3,simulation4,simulation5,simulation6,simulation7,simulation8,simulation9,simulation10,simulation11,simulation12,simulation13,simulation14,simulation15,simulation16,simulation17,simulation18,simulation19,simulation20,simulation21,simulation22,simulation23,simulation24,simulation25,simulation26,simulation27,simulation28,simulation29,simulation30,simulation31,simulation32,simulation33,simulation34,simulation35,simulation36,simulation37,simulation38,simulation39,simulation40,simulation41,simulation42,simulation43,simulation44,simulation45,simulation46,simulation47,simulation48,simulation49,simulation50,simulation51,simulation52,simulation53,simulation54,simulation55,simulation56,simulation57,simulation58,simulation59,simulation60,simulation61,simulation62,simulation63,simulation64,simulation65,simulation66,simulation67,simulation68,simulation69,simulation70,simulation71,simulation72,simulation73,simulation74,simulation75,simulation76,simulation77,simulation78,simulation79,simulation80,simulation81,simulation82,simulation83,simulation84,simulation85,simulation86,simulation87,simulation88,simulation89,simulation90,simulation91,simulation92,simulation93,simulation94,simulation95,simulation96,simulation97,simulation98,simulation99,simulation100,simulation101,simulation102,simulation103,simulation104,simulation105,simulation106,simulation107,simulation108,simulation109,simulation110,simulation111,simulation112,simulation113,simulation114,simulation115,simulation116,simulation117,simulation118,simulation119,simulation120,simulation121,simulation122,simulation123,simulation124,simulation125,simulation126,simulation127,simulation128,simulation129,simulation130,simulation131,simulation132,simulation133,simulation134,simulation135,simulation136,simulation137,simulation138,simulation139,simulation140,simulation141,simulation142,simulation143,simulation144,simulation145,simulation146,simulation147,simulation148,simulation149,simulation150,simulation151,simulation152,simulation153,simulation154,simulation155,simulation156,simulation157,simulation158,simulation159,simulation160,simulation161,simulation162,simulation163,simulation164,simulation165,simulation166,simulation167,simulation168,simulation169,simulation170,simulation171,simulation172,simulation173,simulation174,simulation175,simulation176,simulation177,simulation178,simulation179,simulation180,simulation181,simulation182,simulation183,simulation184,simulation185,simulation186,simulation187,simulation188,simulation189,simulation190,simulation191,simulation192,simulation193,simulation194,simulation195,simulation196,simulation197,simulation198,simulation199,simulation200,simulation201,simulation202,simulation203,simulation204,simulation205,simulation206,simulation207,simulation208,simulation209,simulation210,simulation211,simulation212,simulation213,simulation214,simulation215,simulation216,simulation217,simulation218,simulation219,simulation220,simulation221,simulation222,simulation223,simulation224,simulation225,simulation226,simulation227,simulation228,simulation229,simulation230,simulation231,simulation232,simulation233,simulation234,simulation235,simulation236,simulation237,simulation238,simulation239,simulation240,simulation241,simulation242,simulation243,simulation244,simulation245,simulation246,simulation247,simulation248,simulation249,simulation250,simulation251,simulation252,simulation253,simulation254,simulation255,simulation256,simulation257,simulation258,simulation259,simulation260,simulation261,simulation262,simulation263,simulation264,simulation265,simulation266,simulation267,simulation268,simulation269,simulation270,simulation271,simulation272,simulation273,simulation274,simulation275,simulation276,simulation277,simulation278,simulation279,simulation280,simulation281,simulation282,simulation283,simulation284,simulation285,simulation286,simulation287,simulation288,simulation289,simulation290,simulation291,simulation292,simulation293,simulation294,simulation295,simulation296,simulation297,simulation298,simulation299,simulation300,simulation301,simulation302,simulation303,simulation304,simulation305,simulation306,simulation307,simulation308,simulation309,simulation310,simulation311,simulation312,simulation313,simulation314,simulation315,simulation316,simulation317,simulation318,simulation319,simulation320,simulation321,simulation322,simulation323,simulation324,simulation325,simulation326,simulation327,simulation328,simulation329,simulation330,simulation331,simulation332,simulation333,simulation334,simulation335,simulation336,simulation337,simulation338,simulation339,simulation340,simulation341,simulation342,simulation343,simulation344,simulation345,simulation346,simulation347,simulation348,simulation349,simulation350,simulation351,simulation352,simulation353,simulation354,simulation355,simulation356,simulation357,simulation358,simulation359,simulation360,simulation361,simulation362,simulation363,simulation364,simulation365,simulation366,simulation367,simulation368,simulation369,simulation370,simulation371,simulation372,simulation373,simulation374,simulation375,simulation376,simulation377,simulation378,simulation379,simulation380,simulation381,simulation382,simulation383,simulation384,simulation385,simulation386,simulation387,simulation388,simulation389,simulation390,simulation391,simulation392,simulation393,simulation394,simulation395,simulation396,simulation397,simulation398,simulation399,simulation400,simulation401,simulation402,simulation403,simulation404,simulation405,simulation406,simulation407,simulation408,simulation409,simulation410,simulation411,simulation412,simulation413,simulation414,simulation415,simulation416,simulation417,simulation418,simulation419,simulation420,simulation421,simulation422,simulation423,simulation424,simulation425,simulation426,simulation427,simulation428,simulation429,simulation430,simulation431,simulation432,simulation433,simulation434,simulation435,simulation436,simulation437,simulation438,simulation439,simulation440,simulation441,simulation442,simulation443,simulation444,simulation445,simulation446,simulation447,simulation448,simulation449,simulation450,simulation451,simulation452,simulation453,simulation454,simulation455,simulation456,simulation457,simulation458,simulation459,simulation460,simulation461,simulation462,simulation463,simulation464,simulation465,simulation466,simulation467,simulation468,simulation469,simulation470,simulation471,simulation472,simulation473,simulation474,simulation475,simulation476,simulation477,simulation478,simulation479,simulation480,simulation481,simulation482,simulation483,simulation484,simulation485,simulation486,simulation487,simulation488,simulation489,simulation490,simulation491,simulation492,simulation493,simulation494,simulation495,simulation496,simulation497,simulation498,simulation499,simulation500,simulation501,simulation502,simulation503,simulation504,simulation505,simulation506,simulation507,simulation508,simulation509,simulation510,simulation511,simulation512,simulation513,simulation514,simulation515,simulation516,simulation517,simulation518,simulation519,simulation520,simulation521,simulation522,simulation523,simulation524,simulation525,simulation526,simulation527,simulation528,simulation529,simulation530,simulation531,simulation532,simulation533,simulation534,simulation535,simulation536,simulation537,simulation538,simulation539,simulation540,simulation541,simulation542,simulation543,simulation544,simulation545,simulation546,simulation547,simulation548,simulation549,simulation550,simulation551,simulation552,simulation553,simulation554,simulation555,simulation556,simulation557,simulation558,simulation559,simulation560,simulation561,simulation562,simulation563,simulation564,simulation565,simulation566,simulation567,simulation568,simulation569,simulation570,simulation571,simulation572,simulation573,simulation574,simulation575,simulation576,simulation577,simulation578,simulation579,simulation580,simulation581,simulation582,simulation583,simulation584,simulation585,simulation586,simulation587,simulation588,simulation589,simulation590,simulation591,simulation592,simulation593,simulation594,simulation595,simulation596,simulation597,simulation598,simulation599,simulation600,simulation601,simulation602,simulation603,simulation604,simulation605,simulation606,simulation607,simulation608,simulation609,simulation610,simulation611,simulation612,simulation613,simulation614,simulation615,simulation616,simulation617,simulation618,simulation619,simulation620,simulation621,simulation622,simulation623,simulation624,simulation625,simulation626,simulation627,simulation628,simulation629,simulation630,simulation631,simulation632,simulation633,simulation634,simulation635,simulation636,simulation637,simulation638,simulation639,simulation640,simulation641,simulation642,simulation643,simulation644,simulation645,simulation646,simulation647,simulation648,simulation649,simulation650,simulation651,simulation652,simulation653,simulation654,simulation655,simulation656,simulation657,simulation658,simulation659,simulation660,simulation661,simulation662,simulation663,simulation664,simulation665,simulation666,simulation667,simulation668,simulation669,simulation670,simulation671,simulation672,simulation673,simulation674,simulation675,simulation676,simulation677,simulation678,simulation679,simulation680,simulation681,simulation682,simulation683,simulation684,simulation685,simulation686,simulation687,simulation688,simulation689,simulation690,simulation691,simulation692,simulation693,simulation694,simulation695,simulation696,simulation697,simulation698,simulation699,simulation700,simulation701,simulation702,simulation703,simulation704,simulation705,simulation706,simulation707,simulation708,simulation709,simulation710,simulation711,simulation712,simulation713,simulation714,simulation715,simulation716,simulation717,simulation718,simulation719,simulation720,simulation721,simulation722,simulation723,simulation724,simulation725,simulation726,simulation727,simulation728,simulation729,simulation730,simulation731,simulation732,simulation733,simulation734,simulation735,simulation736,simulation737,simulation738,simulation739,simulation740,simulation741,simulation742,simulation743,simulation744,simulation745,simulation746,simulation747,simulation748,simulation749,simulation750,simulation751,simulation752,simulation753,simulation754,simulation755,simulation756,simulation757,simulation758,simulation759,simulation760,simulation761,simulation762,simulation763,simulation764,simulation765,simulation766,simulation767,simulation768,simulation769,simulation770,simulation771,simulation772,simulation773,simulation774,simulation775,simulation776,simulation777,simulation778,simulation779,simulation780,simulation781,simulation782,simulation783,simulation784,simulation785,simulation786,simulation787,simulation788,simulation789,simulation790,simulation791,simulation792,simulation793,simulation794,simulation795,simulation796,simulation797,simulation798,simulation799,simulation800,simulation801,simulation802,simulation803,simulation804,simulation805,simulation806,simulation807,simulation808,simulation809,simulation810,simulation811,simulation812,simulation813,simulation814,simulation815,simulation816,simulation817,simulation818,simulation819,simulation820,simulation821,simulation822,simulation823,simulation824,simulation825,simulation826,simulation827,simulation828,simulation829,simulation830,simulation831,simulation832,simulation833,simulation834,simulation835,simulation836,simulation837,simulation838,simulation839,simulation840,simulation841,simulation842,simulation843,simulation844,simulation845,simulation846,simulation847,simulation848,simulation849,simulation850,simulation851,simulation852,simulation853,simulation854,simulation855,simulation856,simulation857,simulation858,simulation859,simulation860,simulation861,simulation862,simulation863,simulation864,simulation865,simulation866,simulation867,simulation868,simulation869,simulation870,simulation871,simulation872,simulation873,simulation874,simulation875,simulation876,simulation877,simulation878,simulation879,simulation880,simulation881,simulation882,simulation883,simulation884,simulation885,simulation886,simulation887,simulation888,simulation889,simulation890,simulation891,simulation892,simulation893,simulation894,simulation895,simulation896,simulation897,simulation898,simulation899,simulation900,simulation901,simulation902,simulation903,simulation904,simulation905,simulation906,simulation907,simulation908,simulation909,simulation910,simulation911,simulation912,simulation913,simulation914,simulation915,simulation916,simulation917,simulation918,simulation919,simulation920,simulation921,simulation922,simulation923,simulation924,simulation925,simulation926,simulation927,simulation928,simulation929,simulation930,simulation931,simulation932,simulation933,simulation934,simulation935,simulation936,simulation937,simulation938,simulation939,simulation940,simulation941,simulation942,simulation943,simulation944,simulation945,simulation946,simulation947,simulation948,simulation949,simulation950,simulation951,simulation952,simulation953,simulation954,simulation955,simulation956,simulation957,simulation958,simulation959,simulation960,simulation961,simulation962,simulation963,simulation964,simulation965,simulation966,simulation967,simulation968,simulation969,simulation970,simulation971,simulation972,simulation973,simulation974,simulation975,simulation976,simulation977,simulation978,simulation979,simulation980,simulation981,simulation982,simulation983,simulation984,simulation985,simulation986,simulation987,simulation988,simulation989,simulation990,simulation991,simulation992,simulation993,simulation994,simulation995,simulation996,simulation997,simulation998,simulation999,simulation1000
GBR,4,5,3,6,4,4,3,4,8,5,4,6,3,3,5,3,6,2,5,6,4,2,2,5,4,3,3,6,3,4,4,4,2,6,3,3,4,2,4,4,5,4,4,5,4,7,3,4,4,4,4,2,3,5,2,2,3,3,5,4,2,2,4,3,1,4,3,4,5,4,5,3,2,4,4,6,3,5,4,5,5,2,4,5,5,4,3,3,4,4,4,4,1,3,4,3,3,4,5,5,4,3,4,3,5,2,5,5,3,6,3,6,3,3,1,4,4,3,5,3,4,5,2,3,5,4,4,5,4,4,4,5,4,4,4,5,4,3,4,5,4,5,5,3,1,5,5,3,6,6,1,4,3,4,3,4,3,5,4,3,5,5,6,3,2,5,3,5,4,4,3,3,3,3,5,3,4,5,6,5,1,4,5,3,4,3,6,6,5,3,3,4,4,4,5,6,5,4,4,4,4,5,4,3,4,2,5,4,3,4,3,2,3,4,4,5,4,5,5,3,3,3,2,3,3,3,4,4,5,4,3,2,4,3,3,6,2,4,5,4,6,2,4,3,2,3,4,3,4,3,2,2,5,4,2,4,2,6,4,3,3,5,2,3,3,5,3,4,6,3,5,4,6,7,5,4,3,5,6,5,4,3,5,5,5,4,5,4,5,3,3,5,4,4,5,3,5,3,3,3,4,3,4,4,4,2,5,4,3,4,4,2,5,6,3,5,5,4,4,3,5,4,5,6,3,2,5,3,6,4,2,3,4,4,6,6,5,3,3,6,6,4,2,5,4,4,4,3,2,4,4,6,2,3,3,3,4,4,2,4,4,4,4,5,4,5,4,5,1,3,4,3,3,5,4,3,3,4,4,4,3,4,6,3,4,3,2,4,3,3,5,3,4,4,4,2,4,5,5,3,2,4,1,4,3,3,4,4,3,5,6,3,3,6,3,2,4,4,4,3,5,4,2,5,4,3,2,4,4,4,4,4,6,5,2,3,3,2,3,4,3,5,3,2,3,6,3,4,5,1,2,6,2,4,5,3,1,3,5,3,4,4,2,3,3,4,4,3,2,4,5,5,6,5,5,4,5,2,3,2,5,4,6,3,2,3,6,5,2,4,2,2,7,6,5,5,3,4,4,4,7,3,3,5,3,3,4,4,6,2,5,3,4,4,2,4,2,5,4,3,5,3,3,2,6,4,5,6,2,4,3,4,4,2,5,2,3,6,6,5,6,3,4,4,5,4,4,4,3,2,5,4,6,4,2,5,3,3,3,4,6,6,5,4,4,5,2,3,6,4,3,3,6,4,3,6,3,3,5,4,6,4,4,7,3,7,3,5,1,4,4,3,1,5,4,4,6,4,3,5,4,5,4,6,4,4,3,5,5,6,6,5,4,1,5,4,6,5,3,5,3,1,5,2,5,4,4,6,3,2,6,4,5,5,7,4,3,3,5,4,5,3,2,6,2,5,4,3,7,4,3,6,3,6,5,4,2,3,4,5,7,2,4,3,6,3,5,4,7,3,5,4,4,3,3,3,4,3,4,5,2,4,5,3,3,4,4,4,2,4,2,5,4,4,4,5,2,5,4,5,4,5,4,2,4,3,2,4,3,4,5,4,3,5,3,3,4,4,4,5,4,4,5,2,4,5,5,3,4,6,4,3,5,3,2,2,6,5,2,4,4,6,3,4,4,6,3,6,4,2,2,4,3,2,5,2,2,3,4,5,5,4,5,5,6,4,6,3,3,4,5,2,5,4,3,2,3,5,4,2,5,3,5,4,6,3,3,6,3,6,5,3,4,2,3,2,4,3,4,4,5,6,5,5,4,3,5,5,3,4,3,4,4,4,5,3,2,5,4,2,3,5,6,3,3,4,5,3,6,4,5,5,3,3,7,1,3,3,4,5,5,3,2,5,4,4,2,3,3,3,2,4,6,5,3,4,4,4,3,5,4,6,3,4,5,4,3,2,3,6,5,5,3,7,3,8,5,6,3,3,3,3,4,4,6,4,3,4,4,3,3,3,5,4,4,1,3,5,3,4,4,2,4,4,5,5,4,3,2,3,4,6,3,3,5,6,6,3,3,3,3,5,3,4,3,6,6,4,4,1,5,4,3,2,5,6,4,5,4,4,4,1,4,3,3,3,3,4,4,3,2,5,3,3,4,5,2,3,5,7,2,4,5,6,4,3,5,5,4,3,3,4,6,5,4,5,2,4,5,7,4,2,3,5,5,4,4,3,4,4,3,4,3,3,3,4,3,4,2,5
ESP,0,1,0,0,0,0,1,1,0,1,1,0,1,0,0,0,1,1,1,0,1,1,1,0,0,0,0,1,1,1,0,0,0,0,1,0,1,0,0,0,1,1,0,0,0,0,0,0,1,0,1,0,0,1,1,1,0,0,0,1,1,0,0,0,0,0,0,0,0,0,0,0,0,0,0,0,0,0,0,0,0,0,0,0,0,0,0,0,1,0,0,1,0,0,1,0,0,0,0,0,0,0,0,0,0,1,0,0,0,0,0,1,1,1,0,0,0,1,0,1,0,0,1,0,0,0,0,0,0,0,0,0,0,0,0,0,0,1,0,1,0,1,1,1,0,0,0,0,0,0,0,1,0,0,0,0,0,1,0,0,0,0,0,1,0,0,0,1,1,0,0,0,1,1,1,0,0,0,0,0,0,1,1,0,0,1,0,0,0,0,0,0,0,0,0,0,0,0,0,0,1,1,2,0,1,0,0,0,0,0,1,0,1,1,0,0,0,1,0,1,0,2,1,1,0,1,0,0,0,0,1,1,1,0,0,0,0,0,1,0,0,0,0,0,0,0,0,0,0,1,1,1,0,1,1,1,1,0,0,1,1,0,1,0,0,1,1,1,1,1,1,0,0,0,1,1,1,0,0,0,1,0,0,0,0,0,1,0,0,0,1,0,1,0,0,0,0,0,0,1,1,0,0,0,0,0,1,1,1,1,0,0,1,1,0,0,0,0,0,0,0,0,0,0,0,1,0,0,0,1,0,1,0,0,0,1,0,1,1,1,1,0,1,1,0,0,0,0,1,0,1,1,0,0,1,0,1,1,1,1,0,0,0,0,0,0,1,0,1,0,1,0,0,0,0,0,0,1,0,0,0,0,0,1,1,0,1,0,0,0,0,0,0,0,0,0,0,1,0,0,0,1,0,1,1,0,0,0,0,0,1,0,0,0,0,0,1,0,0,0,0,1,0,0,0,0,1,0,0,0,1,0,0,1,0,0,0,0,0,0,0,0,0,0,0,0,0,0,1,0,0,0,0,0,0,0,0,0,1,0,1,0,0,0,1,1,0,0,1,0,0,0,0,0,0,0,0,1,0,1,0,0,1,0,1,0,1,1,0,0,0,1,0,0,0,0,1,0,0,0,0,0,0,0,1,0,0,0,1,0,0,1,1,0,0,0,1,0,0,0,0,0,0,0,1,0,0,1,0,0,0,0,1,0,0,0,1,0,1,0,1,0,1,0,1,0,0,1,0,1,0,1,0,1,1,0,0,0,0,1,0,0,0,0,0,0,0,0,0,0,0,0,0,1,0,0,0,1,0,0,0,1,0,0,0,0,1,0,0,0,1,0,0,0,0,0,0,0,1,0,1,1,0,0,0,1,0,0,0,0,0,0,0,0,0,1,0,0,0,0,1,1,0,0,0,0,0,0,1,0,0,0,1,0,0,0,0,0,0,0,0,1,1,0,0,0,0,0,1,0,0,0,0,0,0,0,0,0,1,0,0,0,0,0,0,1,1,0,1,0,2,0,0,0,0,0,1,0,0,0,0,0,1,1,1,1,0,0,0,0,1,0,0,0,0,1,1,0,0,0,0,0,0,1,1,0,1,0,0,1,0,0,1,0,1,0,1,0,1,1,0,0,1,0,1,2,1,0,0,0,0,0,0,0,0,0,1,0,0,0,1,0,0,1,1,0,0,0,1,1,0,0,1,1,0,0,1,0,0,0,0,1,0,1,0,0,0,0,1,0,1,0,1,0,1,0,0,0,0,0,1,0,0,0,0,0,0,1,0,0,1,0,1,0,1,0,0,1,0,0,0,0,1,0,1,0,0,0,0,0,0,0,1,0,0,1,0,1,0,0,0,0,0,0,0,0,0,0,0,0,0,0,0,1,0,0,0,0,0,0,0,1,0,0,1,1,0,0,0,1,1,0,0,0,1,0,0,0,1,0,0,0,0,0,0,0,1,0,0,0,2,0,1,0,1,0,1,1,0,0,0,0,0,0,0,0,0,1,0,0,0,0,1,0,0,0,0,0,0,0,1,1,1,1,0,0,0,0,1,1,0,0,0,1,1,1,1,0,1,1,0,1,1,0,0,0,1,0,0,1,0,0,0,0,0,0,0,1,0,1,0,1,1,1,1,0,1,0,1,0,0,1,0,0,0,0,0,0,0,0,0,0,0,0,0,0,1,0,1,0,0,0,0,0,1,0,0,0,0,0,1,0,1,1,1,0,1,0,0,0,0,0,0,1,0,0,0,0,0,1
TUR,0,0,0,0,0,0,0,0,0,0,0,0,0,0,0,0,0,0,0,0,0,0,0,0,0,0,0,0,0,0,0,0,0,0,0,0,0,0,0,0,0,0,0,0,0,0,0,0,0,0,0,0,0,0,0,0,0,0,0,0,0,0,0,0,0,0,0,0,0,0,0,0,0,0,0,0,0,0,0,0,0,0,0,0,0,0,0,0,0,0,0,0,0,0,0,0,0,0,0,0,0,0,0,0,0,0,0,0,0,0,0,0,0,0,0,0,0,0,0,0,0,0,0,0,0,0,0,0,0,0,0,0,0,0,0,0,0,0,0,0,0,0,0,0,0,0,0,0,0,0,0,0,0,0,0,0,0,0,0,0,0,0,0,0,0,0,0,0,0,0,0,0,0,0,0,0,0,0,0,0,0,0,0,0,0,0,0,0,0,0,0,0,0,0,0,0,0,0,0,0,0,0,0,0,0,0,0,0,0,0,0,0,0,0,0,0,0,0,0,0,0,0,0,0,0,0,0,0,0,0,0,0,0,0,0,0,0,0,0,0,0,0,0,0,0,0,0,0,0,0,0,0,0,0,0,0,0,0,0,0,0,0,0,0,0,0,0,0,0,0,0,0,0,0,0,0,0,0,0,0,0,0,0,0,0,0,0,0,0,0,0,0,0,0,0,0,0,0,0,0,0,0,0,0,0,0,0,0,0,0,0,0,0,0,0,0,0,0,0,0,0,0,0,0,0,0,0,0,0,0,0,0,0,0,0,0,0,0,0,0,0,0,0,0,0,0,0,0,0,0,0,0,0,0,0,0,0,0,0,0,0,0,0,0,0,0,0,0,0,0,0,0,0,0,0,0,0,0,0,0,0,0,0,0,0,0,0,0,0,0,0,0,0,0,0,0,0,0,0,0,0,0,0,0,0,0,0,0,0,0,0,0,0,0,0,0,0,0,0,0,0,0,0,0,0,0,0,0,0,0,0,0,0,0,0,0,0,0,0,0,0,0,0,0,0,0,0,0,0,0,0,0,0,0,0,0,0,0,0,0,0,0,0,0,0,0,0,0,0,0,0,0,0,0,0,0,0,0,0,0,0,0,0,0,0,0,0,0,0,0,0,0,0,0,0,0,0,0,0,0,0,0,0,0,0,0,0,0,0,0,0,0,0,0,0,0,0,0,0,0,0,0,0,0,0,0,0,0,0,0,0,0,0,0,0,0,0,0,0,0,0,0,0,0,0,0,0,0,0,0,0,0,0,0,0,0,0,0,0,0,0,0,0,0,0,0,0,0,0,0,0,0,0,0,0,0,0,0,0,0,0,0,0,0,0,0,0,0,0,0,0,0,0,0,0,0,0,0,0,0,0,0,0,0,0,0,0,0,0,0,0,0,0,0,0,0,0,0,0,0,0,0,0,0,0,0,0,0,0,0,0,0,0,0,0,0,0,0,0,0,0,0,0,0,0,0,0,0,0,0,0,0,0,0,0,0,0,0,0,0,0,0,0,0,0,0,0,0,0,0,0,0,0,0,0,0,0,0,0,0,0,0,0,0,0,0,0,0,0,0,0,0,0,0,0,0,0,0,0,0,0,0,0,0,0,0,0,0,0,0,0,0,0,0,0,0,0,0,0,0,0,0,0,0,0,0,0,0,0,0,0,0,0,0,0,0,0,0,0,0,0,0,0,0,0,0,0,0,0,0,0,0,0,0,0,0,0,0,0,0,0,0,0,0,0,0,0,0,0,0,0,0,0,0,0,0,0,0,0,0,0,0,0,0,0,0,0,0,0,0,0,0,0,0,0,0,0,0,0,0,0,0,0,0,0,0,0,0,0,0,0,0,0,0,0,0,0,0,0,0,0,0,0,0,0,0,0,0,0,0,0,0,0,0,0,0,0,0,0,0,0,0,0,0,0,0,0,0,0,0,0,0,0,0,0,0,0,0,0,0,0,0,0,0,0,0,0,0,0,0,0,0,0,0,0,0,0,0,0,0,0,0,0,0,0,0,0,0,0,0,0,0,0,0,0,0,0,0,0,0,0,0,0,0,0,0,0,0,0,0,0,0,0,0,0,0,0,0,0,0,0,0,0,0,0,0,0,0,0,0,0,0,0,0,0,0,0,0,0,0,0,0,0,0,0,0,0,0,0,0,0,0,0,0,0,0,0,0,0,0,0,0,0,0,0,0,0,0,0,0,0,0,0,0,0,0,0,0,0,0,0,0,0,0,0,0,0,0,0,0,0,0,0,0,0,0,0,0,0,0
ITA,2,4,5,3,4,6,5,5,1,5,3,4,2,4,3,6,3,7,3,4,4,7,4,4,6,3,4,1,2,4,6,2,6,1,5,7,3,5,6,6,4,3,3,1,6,3,4,4,5,2,3,2,5,3,2,5,5,5,4,5,5,5,3,3,5,2,6,5,4,6,4,4,6,3,3,3,5,5,2,3,2,5,5,2,4,6,7,5,5,3,3,6,3,6,6,4,4,6,5,4,4,6,4,5,5,4,4,6,4,4,4,4,5,3,5,4,3,5,3,4,3,1,5,4,4,5,4,4,4,4,3,3,6,5,3,5,5,5,6,3,3,3,4,5,6,3,4,5,4,3,6,4,5,5,2,3,3,5,4,4,5,4,4,2,6,3,4,4,3,2,4,6,6,4,4,5,4,2,4,2,4,1,3,5,5,5,5,3,5,4,3,4,4,6,3,4,6,3,5,2,5,3,5,6,4,5,5,5,3,3,3,4,2,2,5,4,4,3,3,4,4,3,4,5,4,3,4,4,2,4,6,3,5,6,4,2,6,3,3,5,3,3,6,5,6,4,5,4,3,5,2,6,3,1,6,4,3,3,6,5,5,5,6,3,4,4,5,5,4,5,4,3,2,4,4,4,3,4,4,5,1,5,1,3,3,4,6,3,2,5,3,3,5,4,3,5,3,5,3,6,3,5,6,3,3,3,5,4,1,5,4,6,5,2,4,3,4,6,5,2,7,4,4,2,4,4,4,3,1,7,5,4,1,1,4,3,1,8,5,5,2,4,4,2,4,4,3,5,5,3,3,2,4,5,5,3,5,3,6,4,2,3,4,4,4,3,4,2,3,5,3,4,3,4,4,5,2,3,5,5,4,5,2,2,3,8,4,4,1,4,3,3,5,3,6,6,5,3,4,4,6,3,3,6,6,5,4,5,5,5,4,5,3,2,5,4,6,5,3,4,4,4,4,3,3,5,5,4,2,4,2,5,3,5,3,2,5,4,4,6,4,5,4,3,4,3,5,3,3,5,4,4,4,6,3,5,6,4,2,6,7,4,5,5,3,4,3,4,5,4,3,3,3,4,4,4,5,6,3,6,5,3,3,5,6,3,4,4,3,3,4,4,2,2,3,4,5,4,4,2,2,2,5,5,4,5,5,2,3,4,2,5,3,3,5,4,2,2,3,5,4,6,4,3,4,5,4,3,4,4,5,3,1,3,3,4,4,4,4,3,3,6,4,5,3,4,5,4,7,5,3,5,6,6,6,3,3,5,7,3,3,2,5,4,3,4,8,3,3,4,7,4,4,5,4,3,5,4,6,4,4,4,4,2,2,1,3,3,7,6,4,5,6,5,5,3,2,5,2,4,3,6,5,4,5,3,5,5,3,2,3,3,4,8,3,5,4,3,4,5,4,5,6,7,1,6,6,6,6,6,3,5,2,4,2,4,4,4,3,4,4,6,4,4,3,2,5,3,4,3,1,3,4,3,5,4,4,3,4,2,1,4,4,5,3,4,5,4,4,5,8,4,4,5,4,2,3,5,3,6,8,4,2,6,2,3,2,5,5,5,5,4,2,4,5,5,4,4,7,4,4,2,5,5,2,2,3,3,4,4,3,3,5,4,3,2,7,4,6,1,6,5,1,5,3,3,4,4,3,5,3,4,3,4,5,5,3,4,7,2,6,3,4,3,3,5,7,2,3,8,4,6,4,7,5,4,5,4,4,5,5,4,2,3,4,4,2,6,6,5,2,6,4,3,4,5,4,5,4,6,3,5,3,4,1,5,7,2,5,2,3,5,4,6,3,4,5,7,6,5,5,4,3,2,5,2,4,5,4,4,4,4,5,4,4,5,5,4,4,6,5,5,5,4,4,4,5,5,2,4,5,5,2,6,4,5,6,4,4,5,4,6,6,3,5,4,6,4,6,5,6,4,2,2,2,4,5,6,5,4,4,2,4,3,3,4,5,6,4,4,3,7,5,2,3,2,5,3,5,5,6,4,5,4,2,4,5,4,4,3,5,6,4,3,3,5,4,5,5,6,4,5,4,4,4,4,3,5,5,5,4,4,3,5,5,3,2,6,7,5,5,6,5,7,3,3,3,5,2,4,2,3,5,8,5,3,4,3,2,3,5,6,5,5,2,6,2,4,4,4,5,5,4,3,4,3,6,2,3,4,4,5,7,4,6,6,3,3,6,4,6,3,3,5,3,5,3,3,3,4,3,5,4,5,3,3,3,7,5,5,2,4,5,4,7,3,3,5,3,3
GER,1,1,0,1,1,0,1,0,1,0,1,0,0,0,0,0,0,0,1,0,1,0,1,1,0,1,1,0,1,0,0,0,1,1,1,0,0,0,0,0,0,1,1,1,0,0,0,0,0,1,1,0,1,1,0,0,0,1,0,0,1,0,0,0,0,1,0,1,0,0,0,0,0,0,0,0,0,0,1,1,0,0,0,0,1,0,0,0,0,1,0,0,1,0,1,1,0,0,0,0,0,0,1,0,0,1,0,0,0,0,1,0,0,0,1,0,0,0,0,0,0,0,0,1,0,1,1,0,1,0,1,0,0,0,0,0,0,0,0,0,0,0,1,0,1,0,0,0,1,1,1,1,1,0,1,1,1,1,1,0,0,0,0,1,0,1,1,0,0,1,0,0,0,0,0,1,0,0,0,1,0,1,0,0,0,1,0,0,1,0,0,0,0,0,0,1,0,1,0,0,0,1,0,1,0,0,0,0,0,1,0,0,1,1,0,0,1,0,0,0,1,0,0,0,1,0,1,0,0,1,0,0,1,0,1,0,0,1,1,0,0,1,0,1,0,0,0,0,1,1,1,1,0,1,1,0,0,0,0,1,1,0,0,0,1,1,0,0,0,0,1,0,1,0,0,0,1,0,1,0,1,1,1,0,1,0,0,1,0,0,1,0,1,1,0,0,0,0,1,0,1,0,0,1,0,0,0,0,1,0,1,0,0,0,0,1,1,1,1,1,1,0,0,1,0,0,0,1,0,0,1,0,1,1,1,1,1,0,0,0,0,1,0,1,0,1,1,0,0,1,1,0,1,1,0,0,0,0,0,0,0,1,0,0,0,0,1,1,1,0,1,0,0,0,1,0,1,1,1,0,0,1,0,1,0,0,1,0,1,1,0,1,0,1,0,0,0,0,1,1,0,1,1,0,0,0,0,0,0,0,0,1,0,0,0,1,1,0,1,1,0,1,0,1,1,0,0,0,1,0,1,0,0,1,0,0,1,1,1,0,0,1,0,1,0,0,0,1,0,0,1,0,0,0,0,0,1,0,0,1,0,0,1,0,0,0,0,1,1,0,1,0,0,1,1,0,0,1,0,0,0,0,0,0,0,0,1,1,1,0,1,0,0,0,0,0,1,1,0,0,1,1,1,0,1,0,0,1,0,0,0,0,0,0,1,0,0,0,0,1,0,0,0,1,0,0,0,0,0,0,1,0,1,0,1,0,0,0,0,0,0,0,0,0,0,0,0,1,0,0,1,1,0,0,1,0,0,0,0,0,1,0,0,0,1,0,0,0,0,1,0,1,0,0,0,0,0,1,1,0,0,0,0,0,1,1,0,0,0,0,1,0,0,1,0,0,0,0,1,1,0,0,0,0,1,0,0,0,0,0,0,1,1,0,0,0,0,1,1,0,0,0,1,1,0,1,1,0,0,1,1,0,1,0,0,0,0,1,0,0,1,1,0,0,1,0,0,1,0,0,0,1,0,0,0,0,0,0,0,1,0,0,0,0,1,1,0,1,0,1,0,1,0,0,0,1,0,1,1,0,0,0,1,0,0,1,1,0,0,1,0,0,0,1,0,0,0,0,0,0,1,0,1,1,0,1,1,0,0,0,0,0,0,0,1,1,0,0,0,0,1,0,1,1,0,0,0,1,0,0,0,0,0,0,0,1,1,0,0,0,1,1,1,1,1,0,1,1,0,0,1,1,0,0,0,1,0,0,1,0,0,1,0,0,0,1,0,0,1,1,1,0,0,0,0,0,1,0,1,0,1,0,0,1,1,1,1,1,0,0,1,0,1,1,0,1,1,0,0,0,0,1,0,0,0,1,0,0,1,0,0,0,1,0,1,0,0,0,0,1,0,0,0,1,0,1,0,0,1,0,0,0,1,0,0,1,1,0,0,0,0,0,0,0,1,0,0,1,0,1,0,0,0,1,1,0,0,0,1,0,0,0,1,1,1,1,0,0,0,1,1,0,0,0,1,1,0,0,0,0,0,0,0,1,0,0,0,0,0,1,0,0,0,1,0,0,1,0,0,0,1,1,0,1,1,0,0,0,1,1,0,0,1,1,1,0,1,0,0,1,0,0,0,0,1,0,0,1,1,1,1,0,1,0,0,1,0,0,1,0,0,0,0,1,1,0,1,0,0,1,0,1,1,0,0,0,1,0,0,1,1,1,0,0,0,1,0,0,0,0,0,0,0,0,0,0,0,1,1,0,0,1,0,0,0,0,0,0,1,0,0,0,0,0,0,1,1,1,1,1
AUS,3,3,2,3,2,0,0,2,3,1,1,1,1,3,2,0,1,2,2,0,1,3,2,1,3,3,3,0,1,3,1,0,1,2,1,1,1,0,1,1,2,1,0,3,2,2,2,3,2,3,1,2,1,0,3,2,1,2,1,1,2,2,1,1,2,1,2,1,1,2,2,2,2,1,2,1,1,1,1,2,1,2,0,2,3,0,2,1,0,2,2,2,0,0,2,2,3,1,0,2,1,1,0,2,2,0,0,0,2,0,2,2,1,1,4,2,2,0,1,2,0,3,1,1,0,2,2,0,2,0,1,1,2,0,0,0,2,2,1,2,2,2,0,0,3,2,1,2,0,1,0,3,3,3,0,1,2,1,0,1,2,1,1,2,0,1,0,1,2,2,1,2,0,0,3,1,1,1,1,1,2,2,0,1,1,2,2,2,3,0,1,1,4,1,1,0,2,2,0,3,1,2,0,2,0,4,1,0,4,1,1,2,1,0,2,1,2,3,2,1,1,2,3,3,2,2,1,3,1,2,2,2,1,1,2,2,2,3,3,1,1,2,0,3,4,1,2,0,0,2,0,1,3,0,1,1,2,1,1,2,2,3,2,2,1,1,2,1,1,3,0,3,3,2,0,1,2,1,1,2,4,2,1,2,1,3,0,1,3,2,1,2,0,1,1,3,1,1,2,1,1,1,3,2,2,1,0,2,2,1,3,1,1,0,0,2,1,2,1,0,1,1,2,0,3,0,3,2,2,1,2,1,3,2,2,1,1,0,2,0,0,1,2,0,0,4,1,4,1,2,1,2,2,1,1,1,0,2,2,0,2,2,1,2,1,3,1,0,2,2,1,4,1,1,2,1,2,2,1,2,1,2,1,1,0,1,0,2,2,1,2,3,3,1,2,2,2,1,2,3,3,0,2,0,0,1,1,3,2,1,1,2,2,1,1,3,0,2,2,0,1,0,2,1,3,2,3,2,1,2,1,2,2,1,3,3,0,1,1,0,1,1,3,1,2,1,2,3,1,1,1,0,2,3,2,0,1,2,1,1,1,2,4,1,1,1,1,1,1,1,2,1,2,2,1,4,0,0,2,2,3,1,0,0,1,1,0,0,2,2,1,1,1,1,1,0,0,2,1,2,0,2,0,1,3,2,2,1,2,0,2,0,2,1,1,3,2,1,3,1,2,1,2,3,0,1,2,1,1,1,1,0,2,2,1,2,1,0,0,2,2,2,1,2,3,2,3,1,1,2,1,2,1,1,2,2,2,2,2,0,1,1,1,1,1,0,2,1,2,1,1,1,1,3,3,3,2,1,1,1,2,1,1,0,4,1,1,2,3,1,2,0,0,1,2,1,0,3,2,1,2,2,3,1,1,0,1,2,1,1,0,2,0,2,1,2,1,0,2,2,1,3,3,3,2,1,1,2,1,1,1,3,0,1,2,2,1,2,2,0,1,1,2,1,2,1,2,0,1,1,1,2,1,0,3,1,0,1,2,0,0,4,3,1,0,1,1,1,0,1,1,1,3,1,1,1,1,3,1,2,1,3,2,1,2,0,0,0,2,1,0,2,2,0,1,2,4,1,1,1,1,1,2,1,3,2,2,2,1,2,2,1,2,3,1,0,0,3,0,2,2,1,1,3,0,0,2,1,1,1,3,1,2,2,0,2,0,2,2,2,2,3,1,2,2,1,1,0,1,0,2,1,3,1,2,3,1,2,1,2,0,3,1,2,1,1,2,1,2,1,3,1,2,3,2,1,2,1,2,2,0,1,3,2,1,1,1,1,2,0,2,1,2,3,1,2,1,0,1,2,0,0,3,2,3,2,1,1,0,2,3,1,2,1,2,0,2,0,3,2,2,1,1,3,1,2,2,3,1,1,1,1,2,1,0,1,3,3,1,1,2,0,1,3,1,2,0,2,0,2,0,2,2,1,1,1,1,1,1,2,0,2,2,2,0,3,1,2,1,1,1,1,1,2,2,1,0,0,1,1,1,1,2,1,3,2,1,1,4,3,2,1,1,2,2,3,3,2,1,1,0,2,3,4,0,1,3,3,1,1,1,1,3,2,1,0,0,1,1,2,1,0,0,2,3,1,3,1,2,1,3,2,2,3,3,1,2,2,0,1,0,1,1,0,3,1,2,3,0,1,1,3,2,1,2,2,1,1,2,3,1,3,2,2,1,2,0,0,1,2,1,2,2,1,0,2,2,1,1,1,3,1,1,1,1,1,1,1,0,2,2,1,2,2,2,1,2,2,2,0
FRA,3,0,1,1,1,1,1,1,0,0,2,0,2,2,1,2,1,0,1,2,0,0,1,0,2,1,1,1,1,0,1,3,1,1,0,0,2,1,1,0,0,0,0,1,0,2,0,2,2,2,2,3,1,1,2,1,0,1,2,1,0,2,1,1,2,1,1,1,1,0,1,2,2,2,1,1,1,0,0,2,1,1,1,2,0,0,1,2,0,1,2,1,1,0,0,1,0,1,2,1,2,2,1,1,1,3,1,0,1,1,1,1,2,2,1,1,1,1,3,2,0,1,2,1,0,1,1,2,1,0,1,1,0,1,1,0,1,1,0,0,0,1,1,2,0,2,1,3,2,1,1,0,1,1,1,1,1,0,2,0,1,2,1,2,2,1,1,0,2,2,3,1,2,2,1,1,0,1,1,1,3,1,1,0,2,0,0,2,0,2,2,1,0,1,1,0,1,1,1,1,1,0,1,0,1,2,0,1,0,1,1,1,2,0,0,1,0,1,0,1,1,0,3,0,1,2,1,0,1,1,0,2,2,1,1,2,1,1,0,0,2,2,1,1,0,1,1,2,0,0,2,0,1,2,0,1,1,1,1,0,1,0,2,1,1,1,0,1,0,1,1,2,0,0,2,3,1,1,0,0,1,0,1,1,0,1,2,2,1,1,2,1,0,0,2,1,2,3,2,1,1,1,0,1,0,2,2,2,0,0,0,1,0,1,1,1,2,1,0,2,0,2,2,1,2,1,2,2,2,0,1,2,1,2,0,1,3,0,2,1,2,1,3,0,2,1,1,2,2,3,0,0,0,2,2,1,3,1,1,1,1,0,0,2,3,2,1,1,2,1,0,2,2,1,2,1,3,0,0,1,2,1,1,2,3,0,0,2,1,0,2,2,1,1,0,0,0,2,1,1,0,2,3,2,0,1,0,1,1,2,1,0,1,0,2,1,1,0,2,2,2,0,1,2,2,1,2,2,1,1,1,2,1,0,1,2,1,0,0,1,2,1,1,1,2,0,1,2,1,3,2,2,2,1,2,0,1,1,2,0,1,1,0,2,1,2,0,2,0,2,2,1,1,1,2,1,2,2,2,2,1,1,1,1,1,2,0,2,1,1,1,2,3,0,1,1,1,0,1,1,0,3,1,1,0,1,0,1,2,2,3,2,2,2,1,1,2,2,0,1,1,2,2,2,0,2,1,2,1,2,2,1,3,2,1,1,2,1,1,1,2,0,2,3,1,2,1,1,1,2,1,2,0,2,0,0,2,1,0,1,1,2,1,1,0,1,0,2,1,0,0,1,0,0,2,1,0,1,0,1,1,1,1,2,1,2,3,2,0,0,1,2,1,0,2,1,2,3,2,1,3,2,0,0,0,1,1,1,0,1,1,2,2,0,1,0,1,0,1,1,1,1,0,0,3,2,1,2,1,0,1,0,2,3,2,1,1,2,2,1,1,1,2,2,1,2,0,2,0,2,1,0,2,0,0,2,2,2,1,1,2,2,2,2,1,1,1,1,1,1,1,1,1,2,0,1,2,0,2,0,1,1,2,2,1,2,0,1,0,1,2,1,2,1,0,0,2,3,0,2,1,2,0,1,1,2,0,3,2,2,1,1,1,0,1,2,2,1,2,2,0,1,1,1,2,1,0,2,1,1,0,1,2,3,2,2,0,0,3,2,1,0,2,1,1,1,0,2,2,1,2,1,1,1,2,1,0,2,0,0,0,1,3,2,1,1,1,1,0,2,2,1,1,3,2,1,2,2,0,2,3,3,3,1,0,1,0,0,1,1,2,2,2,0,2,1,0,0,1,0,1,1,1,2,2,2,1,0,2,1,3,1,1,2,1,2,1,0,0,0,1,1,0,2,1,1,0,0,1,1,0,0,1,1,2,0,2,0,2,0,1,0,1,2,3,2,2,1,0,0,2,0,2,1,2,1,0,1,1,2,1,0,2,1,1,1,2,1,2,2,1,1,0,1,0,0,2,1,1,2,1,1,1,1,1,1,1,1,1,2,2,1,0,1,2,2,2,1,1,1,0,2,1,1,1,1,1,1,0,0,0,1,1,0,0,2,1,1,1,1,1,1,1,0,1,0,1,2,0,3,1,3,3,0,1,0,1,2,1,1,0,1,1,0,1,1,1,1,2,2,2,0,2,1,1,1,0,2,2,0,3,1,1,0,1,1,2,0,0,2,1,1,0,1,2,1,1,1,3,0,3,1,0,1,2,2,2,2,1,2,2,1,0,1,1,1,0,1,2,1
HUN,0,0,1,0,0,1,0,1,1,1,1,2,2,1,2,1,0,1,2,1,0,0,1,0,0,3,0,1,2,0,2,2,2,0,0,1,1,1,2,0,0,1,3,0,0,1,1,0,0,1,0,0,0,1,0,1,1,1,1,1,0,1,2,1,2,2,1,0,1,2,0,0,0,1,2,1,1,1,1,1,0,2,2,1,1,1,0,0,1,2,0,0,1,2,0,0,0,2,1,1,1,0,0,0,1,0,2,1,2,2,2,0,1,1,1,1,0,0,2,1,1,1,1,0,0,0,1,1,0,1,1,1,0,1,2,1,0,0,1,0,1,0,1,1,2,1,0,2,1,0,1,0,1,0,1,1,0,1,1,1,0,0,1,1,1,1,0,2,0,0,1,1,1,1,1,2,2,1,1,2,1,1,0,3,1,1,0,3,1,2,1,1,2,1,2,1,1,1,2,2,0,0,0,0,1,0,0,1,1,2,1,2,0,1,0,0,2,1,1,1,1,2,1,0,0,1,3,0,2,1,1,1,1,1,0,0,1,1,0,2,0,1,1,1,1,1,1,1,1,1,0,1,2,1,2,1,1,1,1,0,2,0,0,1,1,0,1,1,0,1,0,2,0,1,1,0,2,2,1,1,0,1,2,3,0,0,1,2,2,2,0,1,0,2,3,1,0,1,2,1,0,2,1,1,3,1,0,2,1,0,0,2,1,1,1,1,2,0,1,2,0,1,1,1,2,2,1,2,0,1,1,0,2,1,0,0,2,0,0,1,1,1,0,1,1,1,1,0,1,1,1,0,1,1,0,2,2,0,1,0,2,0,2,0,0,0,0,2,1,1,0,1,2,2,1,1,0,0,0,1,1,1,0,0,0,2,1,1,2,1,0,2,1,1,0,1,3,0,1,1,1,0,1,0,1,2,2,1,1,1,0,0,1,2,0,1,0,0,0,1,0,2,1,1,1,1,0,2,1,1,1,1,1,0,1,0,2,2,1,1,0,1,1,2,1,1,1,0,1,0,2,1,2,1,1,0,1,1,0,1,1,1,0,2,1,0,1,0,0,1,0,0,1,0,0,1,1,0,0,1,0,1,1,1,1,3,0,0,2,1,2,0,0,2,1,1,0,2,1,2,3,1,2,0,1,1,2,1,1,2,0,0,0,0,0,2,1,1,3,2,2,0,1,1,2,2,1,0,2,0,0,2,1,0,1,3,0,1,1,2,0,2,1,0,1,1,1,1,0,0,1,0,1,0,0,2,1,1,0,0,1,0,0,2,1,0,1,3,1,1,1,2,2,1,1,2,2,1,1,1,2,3,0,1,2,1,1,1,1,2,0,1,2,0,1,3,2,0,0,0,0,1,1,0,1,0,1,0,2,2,0,0,1,0,1,1,0,2,0,1,1,2,1,0,0,1,1,0,1,2,2,1,1,0,1,1,1,1,1,2,2,1,1,3,2,2,1,1,0,1,1,1,1,1,1,1,2,1,1,2,2,2,1,0,2,0,0,0,1,1,0,1,0,0,2,1,1,0,1,1,1,0,1,0,2,1,3,2,1,2,1,0,0,2,1,0,0,0,1,1,1,1,0,1,2,0,1,2,1,1,1,2,1,1,0,1,1,0,1,2,2,0,1,0,0,0,0,0,2,1,1,1,0,1,1,1,1,1,0,1,0,2,0,0,1,0,0,2,1,0,1,1,1,1,2,1,1,1,1,1,2,0,2,1,1,1,1,1,1,0,1,0,1,1,1,1,0,1,0,1,1,0,1,1,1,1,1,1,2,2,0,1,1,1,1,1,1,0,0,1,1,1,1,3,0,0,1,1,1,1,1,2,0,0,2,1,0,1,1,1,2,2,1,0,2,1,1,1,1,0,1,1,1,0,0,2,0,0,1,1,2,2,1,1,0,1,0,0,1,0,0,2,2,1,2,3,1,1,1,1,1,2,1,0,1,0,0,0,1,0,0,1,1,1,1,1,0,2,1,1,1,2,0,1,0,1,1,0,1,2,0,1,1,0,1,1,0,1,1,1,0,0,0,0,1,1,2,0,0,0,1,1,2,1,1,0,2,1,1,1,2,0,0,1,1,0,0,1,2,0,1,1,0,0,0,0,1,1,2,2,0,1,1,1,0,0,1,2,1,0,1,0,0,2,2,0,1,1,1,0,0,0,0,1,3,1,2,2,2,1,1,1,1,0,2,1,2,2,1,0,0,1,0,2,1,1,0,1,2,0,1,1,1,1,0,2,2,1,1,1
JPN,2,2,4,3,4,5,5,3,2,2,3,2,6,5,3,3,3,3,2,2,6,4,3,6,1,1,3,7,6,5,2,4,2,4,4,4,5,6,3,4,3,5,6,6,5,2,4,3,3,3,4,6,5,4,5,5,5,4,4,4,6,5,4,5,5,4,3,3,4,3,3,4,5,5,4,4,3,3,7,2,6,3,3,4,3,5,3,4,5,2,4,4,7,4,3,5,4,2,3,2,4,4,4,3,2,4,3,5,3,3,3,3,3,4,4,4,5,7,2,4,7,6,3,4,7,4,3,3,2,6,4,5,4,3,5,4,4,3,3,4,5,4,4,2,2,2,4,1,1,4,5,3,3,3,7,4,5,4,4,7,4,3,2,4,4,4,5,4,4,4,3,4,4,5,2,4,6,3,2,4,4,4,4,4,4,4,3,2,3,4,6,5,3,3,3,3,2,4,2,4,4,5,3,4,4,3,4,5,3,4,4,4,6,5,5,3,4,3,4,4,4,4,3,4,4,5,4,4,4,2,4,4,3,4,5,5,2,2,4,5,3,3,3,2,4,5,1,5,4,4,6,4,2,5,4,5,7,4,2,5,2,3,3,5,4,3,3,4,5,2,4,3,5,4,4,4,4,4,4,5,4,3,6,2,4,3,2,3,4,4,3,5,4,4,1,3,4,3,3,3,4,3,3,3,5,5,2,1,6,5,4,5,5,4,6,3,3,2,5,6,2,3,4,5,3,6,1,5,5,3,5,6,3,4,2,3,3,3,3,2,5,3,3,5,5,1,6,1,4,3,3,5,5,2,4,5,3,5,5,4,6,4,5,3,3,4,4,4,4,4,4,3,4,3,2,4,5,3,5,3,5,3,5,5,4,3,5,4,4,6,3,4,3,5,4,6,3,3,3,3,4,3,4,2,5,4,5,2,5,1,3,5,5,4,4,3,4,4,3,6,3,4,5,3,3,4,4,3,5,3,5,3,2,4,5,4,2,6,5,4,5,3,2,4,2,5,5,2,5,4,5,2,4,2,3,6,5,5,5,5,1,5,4,4,5,4,6,3,5,3,2,5,3,2,3,3,3,4,6,2,2,6,5,6,5,4,4,2,5,4,4,6,3,5,6,4,4,1,6,6,4,5,3,3,5,5,3,5,2,5,4,4,4,5,5,2,5,4,3,3,3,3,3,4,3,2,2,2,5,3,3,5,3,6,5,5,5,2,3,2,2,2,3,1,2,3,2,4,3,3,4,2,2,3,4,4,6,5,3,7,3,3,3,4,4,5,3,4,2,5,2,5,3,4,2,2,4,5,3,4,1,3,4,3,3,3,4,3,5,4,3,5,4,3,3,5,3,1,5,4,4,0,4,3,5,6,4,3,6,5,4,3,3,5,4,3,3,4,4,1,6,4,2,3,4,3,2,1,3,3,1,1,5,2,3,2,4,3,3,5,2,2,5,0,6,5,3,5,3,4,7,4,5,5,3,3,5,5,3,3,3,1,2,5,3,5,3,4,4,3,0,3,3,4,5,5,4,4,3,3,4,4,1,2,4,3,5,3,6,3,4,5,5,3,4,3,5,3,3,2,4,3,3,5,5,5,5,4,6,3,4,5,3,4,6,5,1,5,3,3,2,5,4,5,6,5,6,5,5,3,5,4,3,3,5,2,5,5,2,5,2,1,3,3,2,3,4,3,4,4,5,3,2,4,2,4,5,3,5,3,2,3,4,3,3,5,4,3,3,3,2,6,2,1,3,7,3,2,5,3,2,3,0,4,4,4,2,4,3,4,2,4,1,3,5,6,4,4,5,3,4,4,3,3,2,5,2,3,5,4,3,2,2,4,3,3,5,6,4,6,2,4,2,3,5,1,3,3,4,5,3,4,5,4,2,4,1,6,4,4,3,6,6,3,1,2,3,3,5,3,4,6,3,4,3,1,6,5,3,2,5,3,2,5,7,4,4,5,6,3,4,2,4,3,6,4,3,4,4,4,4,4,3,3,4,5,5,5,4,3,4,4,4,5,4,3,3,3,5,1,4,3,4,2,2,4,3,4,6,4,4,4,4,5,3,3,2,3,2,4,3,3,5,3,2,6,1,2,6,4,4,3,2,3,2,4,4,2,5,4,5,6,3,4,5,4,4,3,4,5,5,3,3,5,3,4,5,6,4,1,3,2,1,3,1,2,4,6,2,5,4,6,4,4,5,3,4,4,3,4,3,5,5,1,5,5,5,3,3,2,5,4,3,4,3,4,5,2,4,3
NED,3,2,2,1,2,1,2,1,2,3,2,3,1,0,2,3,3,2,1,3,1,1,3,1,2,3,3,1,1,1,2,3,3,3,2,2,1,3,1,3,3,2,1,1,1,1,4,2,1,2,2,3,2,2,3,1,3,1,1,1,1,1,3,4,1,3,2,3,2,1,3,3,1,2,2,2,4,2,2,2,3,3,3,2,1,2,2,2,2,3,3,0,3,3,1,2,4,2,2,3,2,2,3,4,2,3,3,1,3,2,2,1,2,2,1,2,3,1,2,1,3,1,3,4,2,1,2,3,4,3,3,2,2,4,3,2,2,3,3,3,3,2,1,4,3,3,2,2,3,2,3,2,1,2,3,3,3,0,2,2,1,3,3,2,3,2,3,1,2,3,3,1,1,2,1,1,1,4,3,2,3,3,4,2,1,1,1,0,0,3,2,2,1,2,3,3,1,2,4,2,2,1,3,2,3,2,2,2,4,2,4,3,2,4,2,4,1,1,3,3,3,2,1,2,2,1,0,3,3,3,1,3,0,2,2,1,4,3,1,1,3,4,3,2,1,3,4,3,4,1,4,2,2,3,1,1,1,1,3,1,1,2,2,3,3,2,3,1,1,2,2,1,1,0,1,1,1,0,1,0,2,3,1,2,4,3,1,2,1,1,4,1,2,2,3,2,3,2,2,2,2,3,1,3,1,3,2,2,3,2,1,1,0,3,3,2,0,2,1,2,2,3,0,2,1,2,2,0,2,1,1,1,3,3,3,2,2,3,1,2,1,3,3,3,2,1,1,3,2,1,4,2,3,3,2,3,0,2,0,4,1,3,2,2,2,1,2,3,3,2,4,1,3,2,2,3,2,4,2,1,2,1,2,3,3,1,4,1,3,2,3,0,1,2,2,1,1,3,1,2,2,4,3,3,2,2,2,2,1,3,2,2,3,3,3,3,1,3,3,1,3,2,3,2,1,2,1,1,3,3,2,1,2,1,3,4,4,2,3,2,3,1,4,4,3,2,1,3,1,4,1,3,2,1,2,4,2,2,2,1,2,1,2,1,3,2,3,4,3,3,3,3,2,2,2,1,2,2,2,2,2,2,1,2,1,2,2,3,2,3,3,2,2,2,1,2,3,4,1,1,1,1,3,3,0,1,2,3,1,3,2,3,2,3,3,2,3,3,2,2,1,3,3,2,2,2,3,3,3,4,3,3,2,2,1,1,2,4,2,3,2,3,2,3,2,2,2,1,3,3,2,1,2,1,2,2,1,1,3,2,2,4,3,2,4,3,2,2,3,2,4,1,2,0,3,1,2,1,1,3,2,1,3,3,2,2,2,2,1,1,2,2,4,3,1,1,3,2,2,2,1,1,1,4,1,3,3,2,1,1,3,2,3,2,3,2,3,3,3,3,1,1,0,1,3,0,2,1,2,3,3,4,1,2,1,4,4,2,2,2,2,2,1,1,1,0,3,3,2,3,3,1,2,3,1,3,3,3,2,4,3,2,2,2,2,2,2,3,0,3,1,3,3,3,3,4,2,2,3,1,1,2,1,3,3,3,3,3,2,1,3,1,3,3,3,2,0,1,2,3,2,4,2,1,0,2,3,0,1,1,2,2,2,1,2,3,2,1,0,2,1,2,3,0,1,2,0,2,1,1,2,4,2,2,3,3,1,1,2,2,1,1,4,3,3,2,2,2,2,2,1,1,3,1,0,1,3,3,1,2,4,1,1,1,2,1,2,3,1,2,1,2,2,3,2,1,3,2,2,2,2,3,3,1,4,2,3,2,2,3,2,2,2,2,2,1,2,3,1,2,1,1,1,1,1,3,4,3,2,2,1,4,2,3,0,3,3,1,2,0,3,0,3,1,2,4,2,3,2,3,3,2,3,2,2,4,2,2,2,2,1,0,1,1,1,2,4,4,3,3,2,0,1,3,3,4,1,0,2,2,3,3,3,2,0,1,2,2,1,1,1,1,3,2,1,1,2,1,3,2,2,3,3,3,2,1,2,2,0,1,2,2,2,2,2,3,2,1,2,4,4,2,1,1,4,2,2,2,2,3,4,0,1,0,1,3,3,3,2,0,2,2,3,1,4,2,3,2,1,3,1,2,2,2,2,3,2,2,3,2,3,1,2,3,2,3,3,1,2,2,2,0,3,3,2,2,2,3,1,2,4,2,2,2,2,2,1,2,2,1,2,1,2,2,1,1,4,2,1,2,1,2,4,2,0,2,2,1,2,3,3,3,4,2,2,2,2,2,3,3
FIN,0,0,0,0,0,0,0,0,0,0,0,0,0,0,0,0,0,0,0,0,0,0,0,0,0,0,0,0,0,0,0,0,0,0,1,0,0,0,0,0,0,0,0,0,0,0,0,0,0,0,0,0,0,0,0,0,0,0,0,0,0,0,0,0,0,0,0,0,0,0,0,0,0,0,0,0,0,1,0,0,0,0,0,0,0,0,0,0,0,0,0,0,1,0,0,0,0,0,0,0,0,0,0,0,0,0,0,0,0,0,0,0,0,1,0,0,0,0,0,0,0,0,0,0,0,0,0,0,0,0,0,0,0,0,0,0,0,0,0,0,0,0,0,0,0,0,0,0,0,0,0,0,0,0,0,0,0,0,0,0,0,0,0,0,0,0,0,0,0,0,0,0,0,0,0,0,0,0,0,0,0,0,0,0,0,0,0,0,0,0,0,0,0,0,0,0,0,0,0,0,0,0,0,0,0,0,1,0,0,0,0,0,0,0,0,0,0,0,0,0,0,0,0,0,1,0,0,0,0,0,0,0,0,0,0,0,0,0,0,0,0,0,0,0,0,0,0,0,1,0,0,0,0,0,0,0,0,1,0,0,0,0,0,0,0,0,0,0,0,0,0,0,0,0,0,0,0,0,0,0,0,0,0,0,0,0,0,0,0,0,0,0,1,0,0,0,0,0,0,0,0,0,0,0,0,0,0,0,0,0,0,0,0,0,0,0,0,0,0,0,0,0,0,0,0,0,0,0,0,0,0,0,0,0,0,0,0,0,1,0,0,0,0,0,0,1,0,0,0,0,0,0,0,0,0,0,0,0,0,0,0,1,0,0,1,0,0,0,0,0,0,0,0,0,0,0,0,0,0,0,0,0,0,0,0,0,0,0,1,0,0,0,0,0,0,0,0,0,0,0,0,0,0,0,0,0,0,0,0,0,0,0,0,0,0,0,0,0,0,0,0,0,0,0,0,0,0,0,0,0,0,0,1,0,0,0,0,0,0,0,0,0,0,0,0,0,0,0,0,0,0,0,0,0,0,0,0,0,0,0,0,0,0,0,0,0,0,0,0,0,0,0,0,0,0,0,0,0,0,0,0,0,0,0,0,0,0,0,0,0,0,0,0,0,0,1,0,0,0,0,0,0,0,0,0,0,0,0,0,0,0,0,0,0,0,0,0,0,0,0,0,0,0,0,0,0,0,0,0,0,0,0,0,1,0,0,0,0,0,0,0,0,0,0,0,0,0,0,0,0,0,0,0,0,0,0,0,0,0,0,0,0,0,0,0,0,0,0,0,0,0,0,0,0,0,0,0,0,0,0,0,0,1,0,0,0,0,0,0,0,0,0,0,0,0,0,0,0,0,0,0,0,0,0,0,0,0,0,0,0,1,0,0,0,0,0,0,0,0,0,0,0,0,1,0,0,0,0,0,0,0,0,0,0,0,0,0,0,0,0,0,0,0,1,0,1,0,0,0,0,0,0,0,0,0,0,0,0,0,0,0,0,0,0,0,0,0,0,0,0,0,0,0,0,0,0,0,0,0,0,0,0,2,0,0,0,0,0,0,0,0,0,0,0,0,0,0,1,0,0,0,0,1,0,0,1,0,0,0,0,0,0,0,0,0,0,0,0,0,0,0,0,0,1,0,0,0,0,1,0,0,0,0,0,0,0,0,0,0,0,0,1,0,0,0,0,0,0,0,0,0,0,0,0,0,1,0,0,1,0,0,0,0,0,0,0,0,0,0,0,0,0,0,0,0,0,0,0,0,0,0,0,0,0,0,0,0,0,0,0,0,0,0,0,0,0,0,0,0,1,1,0,0,0,0,0,0,0,0,0,0,0,0,0,0,0,0,0,0,0,0,0,0,1,0,0,0,0,0,0,0,0,0,0,1,0,0,0,0,0,0,0,0,0,1,0,0,0,0,0,0,0,0,0,0,0,0,0,0,0,0,0,0,0,0,0,0,0,0,0,0,0,0,0,0,0,0,0,0,0,0,0,0,0,0,0,0,0,0,0,0,0,0,0,0,0,0,0,0,0,0,0,0,0,0,0,0,0,0,0,0,1,0,0,0,0,0,0,0,0,1,0,0,0,0,0,0,0,0,0,0,0,0,0,0,0,0,0,0,0,1,0,0,0,0,0,0,0,0,0,0,0,0,0,0,1,0,0,0,0,0,0,0,0,0,0,0,0,0,0,0,0,0,0,0,0,0,0,0,0,0,0,0,0,0,0,0,0,0,0,0,0,0,0,0,0,0,0,0,0
UKR,0,0,0,0,0,0,0,0,0,0,0,0,0,0,0,0,0,0,0,0,0,0,0,0,0,0,0,0,0,0,0,0,0,0,0,0,0,0,0,0,0,0,0,0,0,0,0,0,0,0,0,0,0,0,0,0,0,0,0,0,0,0,0,0,0,0,0,0,0,0,0,0,0,0,0,0,0,0,0,0,0,0,0,0,0,0,0,1,0,0,0,0,0,0,0,0,0,0,0,0,0,0,1,0,0,0,0,0,0,0,0,0,0,0,0,0,0,0,0,0,0,0,0,0,0,0,0,0,0,0,0,0,0,0,0,1,0,0,0,0,0,0,0,0,0,0,1,0,0,0,0,0,0,0,0,0,0,0,0,0,0,0,0,0,0,0,1,0,0,0,0,0,0,0,0,0,0,1,0,0,0,0,0,0,0,0,1,0,0,0,0,0,0,0,0,0,0,0,0,0,0,0,0,0,0,0,0,0,0,0,0,0,0,0,0,0,0,0,0,0,0,0,0,0,0,0,0,0,0,0,0,0,0,0,0,0,0,0,0,0,0,0,0,0,0,0,0,0,0,0,0,0,0,0,0,0,0,0,0,0,0,0,0,0,0,0,0,0,0,0,0,0,0,0,0,0,0,1,0,0,0,0,0,0,0,0,0,0,0,0,0,0,0,0,0,0,0,0,0,0,1,0,0,0,0,1,1,0,0,0,1,0,0,0,0,0,0,0,0,0,0,0,0,0,0,0,0,0,0,0,0,0,0,0,0,0,0,0,0,0,0,0,0,0,0,0,0,0,0,0,0,0,0,0,0,0,0,0,0,0,0,0,0,0,0,0,0,0,0,0,0,0,0,0,0,0,0,0,0,1,0,0,1,0,0,0,0,0,0,0,0,0,0,0,0,0,0,0,0,0,0,0,0,0,0,0,0,0,0,0,0,0,0,0,0,0,0,0,0,0,0,0,0,0,0,0,0,0,0,0,0,0,0,0,0,0,0,0,0,0,0,0,0,0,1,0,0,0,0,0,0,0,0,0,0,0,0,0,0,0,0,0,0,0,0,0,0,0,0,0,0,0,0,1,0,0,0,0,0,0,0,0,0,0,0,0,0,0,0,0,0,0,0,0,0,0,0,0,0,0,0,0,0,0,0,0,0,0,0,0,0,0,0,0,0,0,0,0,0,0,0,0,0,0,0,0,0,0,0,0,0,0,0,0,0,0,0,0,0,0,0,0,0,0,0,0,0,0,0,0,0,0,0,0,0,0,0,0,0,0,0,0,0,0,0,0,0,0,0,0,0,0,0,0,0,0,0,0,0,0,0,0,0,0,0,0,0,0,0,0,0,0,0,0,0,0,0,0,0,0,0,0,0,0,0,0,0,0,0,0,0,0,0,0,0,0,0,0,0,0,0,0,0,0,0,0,0,0,0,0,0,0,0,1,0,0,0,0,0,0,0,0,0,0,0,0,0,0,0,0,1,0,0,0,0,0,0,0,0,0,0,1,0,0,0,0,0,0,0,0,0,0,0,0,0,0,0,0,0,0,0,0,0,0,0,0,0,0,0,0,0,0,0,0,0,0,0,0,0,0,0,0,0,0,0,0,0,0,0,0,0,0,0,0,0,1,0,0,1,0,0,0,0,0,1,0,0,0,0,0,0,0,1,0,0,0,0,0,0,0,0,0,0,0,0,0,0,0,0,0,0,0,0,0,0,0,0,0,0,0,0,0,0,0,0,0,0,0,0,0,0,0,0,0,0,0,0,0,0,0,0,0,0,0,0,0,0,0,0,0,0,0,0,0,0,0,0,0,0,0,0,0,0,0,0,0,0,0,0,0,0,0,0,0,0,0,0,0,0,0,0,0,0,0,0,0,0,0,0,0,0,0,0,0,0,0,0,0,0,0,0,0,0,0,0,0,1,0,0,0,1,0,0,0,0,0,0,0,0,0,0,0,0,0,0,0,0,0,0,0,0,0,0,0,0,0,0,0,0,0,0,0,0,0,0,0,0,0,0,0,0,0,0,0,0,0,0,0,0,0,0,0,0,0,0,0,0,0,0,0,0,0,0,0,0,0,0,0,0,0,0,0,0,0,0,0,0,0,0,0,0,0,0,0,0,0,0,0,0,0,0,0,0,0,0,0,0,0,0,0,0,0,0,0,0,0,0,0,0,0,0,0,0,0,0,0,0,0,0,0,0,0,0,0,0,0,0,0,0,0,0,0,0,0,0,0,0,0,0,0,0,0,0,0,0,0,0,0,0,0
GBR,4,5,3,6,4,4,3,4,8,5,4,6,3,3,5,3,6,2,5,6,4,2,2,5,4,3,3,6,3,4,4,4,2,6,3,3,4,2,4,4,5,4,4,5,4,7,3,4,4,4,4,2,3,5,2,2,3,3,5,4,2,2,4,3,1,4,3,4,5,4,5,3,2,4,4,6,3,5,4,5,5,2,4,5,5,4,3,3,4,4,4,4,1,3,4,3,3,4,5,5,4,3,4,3,5,2,5,5,3,6,3,6,3,3,1,4,4,3,5,3,4,5,2,3,5,4,4,5,4,4,4,5,4,4,4,5,4,3,4,5,4,5,5,3,1,5,5,3,6,6,1,4,3,4,3,4,3,5,4,3,5,5,6,3,2,5,3,5,4,4,3,3,3,3,5,3,4,5,6,5,1,4,5,3,4,3,6,6,5,3,3,4,4,4,5,6,5,4,4,4,4,5,4,3,4,2,5,4,3,4,3,2,3,4,4,5,4,5,5,3,3,3,2,3,3,3,4,4,5,4,3,2,4,3,3,6,2,4,5,4,6,2,4,3,2,3,4,3,4,3,2,2,5,4,2,4,2,6,4,3,3,5,2,3,3,5,3,4,6,3,5,4,6,7,5,4,3,5,6,5,4,3,5,5,5,4,5,4,5,3,3,5,4,4,5,3,5,3,3,3,4,3,4,4,4,2,5,4,3,4,4,2,5,6,3,5,5,4,4,3,5,4,5,6,3,2,5,3,6,4,2,3,4,4,6,6,5,3,3,6,6,4,2,5,4,4,4,3,2,4,4,6,2,3,3,3,4,4,2,4,4,4,4,5,4,5,4,5,1,3,4,3,3,5,4,3,3,4,4,4,3,4,6,3,4,3,2,4,3,3,5,3,4,4,4,2,4,5,5,3,2,4,1,4,3,3,4,4,3,5,6,3,3,6,3,2,4,4,4,3,5,4,2,5,4,3,2,4,4,4,4,4,6,5,2,3,3,2,3,4,3,5,3,2,3,6,3,4,5,1,2,6,2,4,5,3,1,3,5,3,4,4,2,3,3,4,4,3,2,4,5,5,6,5,5,4,5,2,3,2,5,4,6,3,2,3,6,5,2,4,2,2,7,6,5,5,3,4,4,4,7,3,3,5,3,3,4,4,6,2,5,3,4,4,2,4,2,5,4,3,5,3,3,2,6,4,5,6,2,4,3,4,4,2,5,2,3,6,6,5,6,3,4,4,5,4,4,4,3,2,5,4,6,4,2,5,3,3,3,4,6,6,5,4,4,5,2,3,6,4,3,3,6,4,3,6,3,3,5,4,6,4,4,7,3,7,3,5,1,4,4,3,1,5,4,4,6,4,3,5,4,5,4,6,4,4,3,5,5,6,6,5,4,1,5,4,6,5,3,5,3,1,5,2,5,4,4,6,3,2,6,4,5,5,7,4,3,3,5,4,5,3,2,6,2,5,4,3,7,4,3,6,3,6,5,4,2,3,4,5,7,2,4,3,6,3,5,4,7,3,5,4,4,3,3,3,4,3,4,5,2,4,5,3,3,4,4,4,2,4,2,5,4,4,4,5,2,5,4,5,4,5,4,2,4,3,2,4,3,4,5,4,3,5,3,3,4,4,4,5,4,4,5,2,4,5,5,3,4,6,4,3,5,3,2,2,6,5,2,4,4,6,3,4,4,6,3,6,4,2,2,4,3,2,5,2,2,3,4,5,5,4,5,5,6,4,6,3,3,4,5,2,5,4,3,2,3,5,4,2,5,3,5,4,6,3,3,6,3,6,5,3,4,2,3,2,4,3,4,4,5,6,5,5,4,3,5,5,3,4,3,4,4,4,5,3,2,5,4,2,3,5,6,3,3,4,5,3,6,4,5,5,3,3,7,1,3,3,4,5,5,3,2,5,4,4,2,3,3,3,2,4,6,5,3,4,4,4,3,5,4,6,3,4,5,4,3,2,3,6,5,5,3,7,3,8,5,6,3,3,3,3,4,4,6,4,3,4,4,3,3,3,5,4,4,1,3,5,3,4,4,2,4,4,5,5,4,3,2,3,4,6,3,3,5,6,6,3,3,3,3,5,3,4,3,6,6,4,4,1,5,4,3,2,5,6,4,5,4,4,4,1,4,3,3,3,3,4,4,3,2,5,3,3,4,5,2,3,5,7,2,4,5,6,4,3,5,5,4,3,3,4,6,5,4,5,2,4,5,7,4,2,3,5,5,4,4,3,4,4,3,4,3,3,3,4,3,4,2,5
ESP,0,1,0,0,0,0,1,1,0,1,1,0,1,0,0,0,1,1,1,0,1,1,1,0,0,0,0,1,1,1,0,0,0,0,1,0,1,0,0,0,1,1,0,0,0,0,0,0,1,0,1,0,0,1,1,1,0,0,0,1,1,0,0,0,0,0,0,0,0,0,0,0,0,0,0,0,0,0,0,0,0,0,0,0,0,0,0,0,1,0,0,1,0,0,1,0,0,0,0,0,0,0,0,0,0,1,0,0,0,0,0,1,1,1,0,0,0,1,0,1,0,0,1,0,0,0,0,0,0,0,0,0,0,0,0,0,0,1,0,1,0,1,1,1,0,0,0,0,0,0,0,1,0,0,0,0,0,1,0,0,0,0,0,1,0,0,0,1,1,0,0,0,1,1,1,0,0,0,0,0,0,1,1,0,0,1,0,0,0,0,0,0,0,0,0,0,0,0,0,0,1,1,2,0,1,0,0,0,0,0,1,0,1,1,0,0,0,1,0,1,0,2,1,1,0,1,0,0,0,0,1,1,1,0,0,0,0,0,1,0,0,0,0,0,0,0,0,0,0,1,1,1,0,1,1,1,1,0,0,1,1,0,1,0,0,1,1,1,1,1,1,0,0,0,1,1,1,0,0,0,1,0,0,0,0,0,1,0,0,0,1,0,1,0,0,0,0,0,0,1,1,0,0,0,0,0,1,1,1,1,0,0,1,1,0,0,0,0,0,0,0,0,0,0,0,1,0,0,0,1,0,1,0,0,0,1,0,1,1,1,1,0,1,1,0,0,0,0,1,0,1,1,0,0,1,0,1,1,1,1,0,0,0,0,0,0,1,0,1,0,1,0,0,0,0,0,0,1,0,0,0,0,0,1,1,0,1,0,0,0,0,0,0,0,0,0,0,1,0,0,0,1,0,1,1,0,0,0,0,0,1,0,0,0,0,0,1,0,0,0,0,1,0,0,0,0,1,0,0,0,1,0,0,1,0,0,0,0,0,0,0,0,0,0,0,0,0,0,1,0,0,0,0,0,0,0,0,0,1,0,1,0,0,0,1,1,0,0,1,0,0,0,0,0,0,0,0,1,0,1,0,0,1,0,1,0,1,1,0,0,0,1,0,0,0,0,1,0,0,0,0,0,0,0,1,0,0,0,1,0,0,1,1,0,0,0,1,0,0,0,0,0,0,0,1,0,0,1,0,0,0,0,1,0,0,0,1,0,1,0,1,0,1,0,1,0,0,1,0,1,0,1,0,1,1,0,0,0,0,1,0,0,0,0,0,0,0,0,0,0,0,0,0,1,0,0,0,1,0,0,0,1,0,0,0,0,1,0,0,0,1,0,0,0,0,0,0,0,1,0,1,1,0,0,0,1,0,0,0,0,0,0,0,0,0,1,0,0,0,0,1,1,0,0,0,0,0,0,1,0,0,0,1,0,0,0,0,0,0,0,0,1,1,0,0,0,0,0,1,0,0,0,0,0,0,0,0,0,1,0,0,0,0,0,0,1,1,0,1,0,2,0,0,0,0,0,1,0,0,0,0,0,1,1,1,1,0,0,0,0,1,0,0,0,0,1,1,0,0,0,0,0,0,1,1,0,1,0,0,1,0,0,1,0,1,0,1,0,1,1,0,0,1,0,1,2,1,0,0,0,0,0,0,0,0,0,1,0,0,0,1,0,0,1,1,0,0,0,1,1,0,0,1,1,0,0,1,0,0,0,0,1,0,1,0,0,0,0,1,0,1,0,1,0,1,0,0,0,0,0,1,0,0,0,0,0,0,1,0,0,1,0,1,0,1,0,0,1,0,0,0,0,1,0,1,0,0,0,0,0,0,0,1,0,0,1,0,1,0,0,0,0,0,0,0,0,0,0,0,0,0,0,0,1,0,0,0,0,0,0,0,1,0,0,1,1,0,0,0,1,1,0,0,0,1,0,0,0,1,0,0,0,0,0,0,0,1,0,0,0,2,0,1,0,1,0,1,1,0,0,0,0,0,0,0,0,0,1,0,0,0,0,1,0,0,0,0,0,0,0,1,1,1,1,0,0,0,0,1,1,0,0,0,1,1,1,1,0,1,1,0,1,1,0,0,0,1,0,0,1,0,0,0,0,0,0,0,1,0,1,0,1,1,1,1,0,1,0,1,0,0,1,0,0,0,0,0,0,0,0,0,0,0,0,0,0,1,0,1,0,0,0,0,0,1,0,0,0,0,0,1,0,1,1,1,0,1,0,0,0,0,0,0,1,0,0,0,0,0,1
TUR,0,0,0,0,0,0,0,0,0,0,0,0,0,0,0,0,0,0,0,0,0,0,0,0,0,0,0,0,0,0,0,0,0,0,0,0,0,0,0,0,0,0,0,0,0,0,0,0,0,0,0,0,0,0,0,0,0,0,0,0,0,0,0,0,0,0,0,0,0,0,0,0,0,0,0,0,0,0,0,0,0,0,0,0,0,0,0,0,0,0,0,0,0,0,0,0,0,0,0,0,0,0,0,0,0,0,0,0,0,0,0,0,0,0,0,0,0,0,0,0,0,0,0,0,0,0,0,0,0,0,0,0,0,0,0,0,0,0,0,0,0,0,0,0,0,0,0,0,0,0,0,0,0,0,0,0,0,0,0,0,0,0,0,0,0,0,0,0,0,0,0,0,0,0,0,0,0,0,0,0,0,0,0,0,0,0,0,0,0,0,0,0,0,0,0,0,0,0,0,0,0,0,0,0,0,0,0,0,0,0,0,0,0,0,0,0,0,0,0,0,0,0,0,0,0,0,0,0,0,0,0,0,0,0,0,0,0,0,0,0,0,0,0,0,0,0,0,0,0,0,0,0,0,0,0,0,0,0,0,0,0,0,0,0,0,0,0,0,0,0,0,0,0,0,0,0,0,0,0,0,0,0,0,0,0,0,0,0,0,0,0,0,0,0,0,0,0,0,0,0,0,0,0,0,0,0,0,0,0,0,0,0,0,0,0,0,0,0,0,0,0,0,0,0,0,0,0,0,0,0,0,0,0,0,0,0,0,0,0,0,0,0,0,0,0,0,0,0,0,0,0,0,0,0,0,0,0,0,0,0,0,0,0,0,0,0,0,0,0,0,0,0,0,0,0,0,0,0,0,0,0,0,0,0,0,0,0,0,0,0,0,0,0,0,0,0,0,0,0,0,0,0,0,0,0,0,0,0,0,0,0,0,0,0,0,0,0,0,0,0,0,0,0,0,0,0,0,0,0,0,0,0,0,0,0,0,0,0,0,0,0,0,0,0,0,0,0,0,0,0,0,0,0,0,0,0,0,0,0,0,0,0,0,0,0,0,0,0,0,0,0,0,0,0,0,0,0,0,0,0,0,0,0,0,0,0,0,0,0,0,0,0,0,0,0,0,0,0,0,0,0,0,0,0,0,0,0,0,0,0,0,0,0,0,0,0,0,0,0,0,0,0,0,0,0,0,0,0,0,0,0,0,0,0,0,0,0,0,0,0,0,0,0,0,0,0,0,0,0,0,0,0,0,0,0,0,0,0,0,0,0,0,0,0,0,0,0,0,0,0,0,0,0,0,0,0,0,0,0,0,0,0,0,0,0,0,0,0,0,0,0,0,0,0,0,0,0,0,0,0,0,0,0,0,0,0,0,0,0,0,0,0,0,0,0,0,0,0,0,0,0,0,0,0,0,0,0,0,0,0,0,0,0,0,0,0,0,0,0,0,0,0,0,0,0,0,0,0,0,0,0,0,0,0,0,0,0,0,0,0,0,0,0,0,0,0,0,0,0,0,0,0,0,0,0,0,0,0,0,0,0,0,0,0,0,0,0,0,0,0,0,0,0,0,0,0,0,0,0,0,0,0,0,0,0,0,0,0,0,0,0,0,0,0,0,0,0,0,0,0,0,0,0,0,0,0,0,0,0,0,0,0,0,0,0,0,0,0,0,0,0,0,0,0,0,0,0,0,0,0,0,0,0,0,0,0,0,0,0,0,0,0,0,0,0,0,0,0,0,0,0,0,0,0,0,0,0,0,0,0,0,0,0,0,0,0,0,0,0,0,0,0,0,0,0,0,0,0,0,0,0,0,0,0,0,0,0,0,0,0,0,0,0,0,0,0,0,0,0,0,0,0,0,0,0,0,0,0,0,0,0,0,0,0,0,0,0,0,0,0,0,0,0,0,0,0,0,0,0,0,0,0,0,0,0,0,0,0,0,0,0,0,0,0,0,0,0,0,0,0,0,0,0,0,0,0,0,0,0,0,0,0,0,0,0,0,0,0,0,0,0,0,0,0,0,0,0,0,0,0,0,0,0,0,0,0,0,0,0,0,0,0,0,0,0,0,0,0,0,0,0,0,0,0,0,0,0,0,0,0,0,0,0,0,0,0,0,0,0,0,0,0,0,0,0,0,0,0,0,0,0,0,0,0,0,0,0,0,0,0,0,0,0,0,0,0,0,0,0,0,0,0,0,0,0,0,0,0,0,0,0,0,0,0,0,0,0,0,0,0,0,0,0,0,0,0,0,0,0,0
ITA,2,4,5,3,4,6,5,5,1,5,3,4,2,4,3,6,3,7,3,4,4,7,4,4,6,3,4,1,2,4,6,2,6,1,5,7,3,5,6,6,4,3,3,1,6,3,4,4,5,2,3,2,5,3,2,5,5,5,4,5,5,5,3,3,5,2,6,5,4,6,4,4,6,3,3,3,5,5,2,3,2,5,5,2,4,6,7,5,5,3,3,6,3,6,6,4,4,6,5,4,4,6,4,5,5,4,4,6,4,4,4,4,5,3,5,4,3,5,3,4,3,1,5,4,4,5,4,4,4,4,3,3,6,5,3,5,5,5,6,3,3,3,4,5,6,3,4,5,4,3,6,4,5,5,2,3,3,5,4,4,5,4,4,2,6,3,4,4,3,2,4,6,6,4,4,5,4,2,4,2,4,1,3,5,5,5,5,3,5,4,3,4,4,6,3,4,6,3,5,2,5,3,5,6,4,5,5,5,3,3,3,4,2,2,5,4,4,3,3,4,4,3,4,5,4,3,4,4,2,4,6,3,5,6,4,2,6,3,3,5,3,3,6,5,6,4,5,4,3,5,2,6,3,1,6,4,3,3,6,5,5,5,6,3,4,4,5,5,4,5,4,3,2,4,4,4,3,4,4,5,1,5,1,3,3,4,6,3,2,5,3,3,5,4,3,5,3,5,3,6,3,5,6,3,3,3,5,4,1,5,4,6,5,2,4,3,4,6,5,2,7,4,4,2,4,4,4,3,1,7,5,4,1,1,4,3,1,8,5,5,2,4,4,2,4,4,3,5,5,3,3,2,4,5,5,3,5,3,6,4,2,3,4,4,4,3,4,2,3,5,3,4,3,4,4,5,2,3,5,5,4,5,2,2,3,8,4,4,1,4,3,3,5,3,6,6,5,3,4,4,6,3,3,6,6,5,4,5,5,5,4,5,3,2,5,4,6,5,3,4,4,4,4,3,3,5,5,4,2,4,2,5,3,5,3,2,5,4,4,6,4,5,4,3,4,3,5,3,3,5,4,4,4,6,3,5,6,4,2,6,7,4,5,5,3,4,3,4,5,4,3,3,3,4,4,4,5,6,3,6,5,3,3,5,6,3,4,4,3,3,4,4,2,2,3,4,5,4,4,2,2,2,5,5,4,5,5,2,3,4,2,5,3,3,5,4,2,2,3,5,4,6,4,3,4,5,4,3,4,4,5,3,1,3,3,4,4,4,4,3,3,6,4,5,3,4,5,4,7,5,3,5,6,6,6,3,3,5,7,3,3,2,5,4,3,4,8,3,3,4,7,4,4,5,4,3,5,4,6,4,4,4,4,2,2,1,3,3,7,6,4,5,6,5,5,3,2,5,2,4,3,6,5,4,5,3,5,5,3,2,3,3,4,8,3,5,4,3,4,5,4,5,6,7,1,6,6,6,6,6,3,5,2,4,2,4,4,4,3,4,4,6,4,4,3,2,5,3,4,3,1,3,4,3,5,4,4,3,4,2,1,4,4,5,3,4,5,4,4,5,8,4,4,5,4,2,3,5,3,6,8,4,2,6,2,3,2,5,5,5,5,4,2,4,5,5,4,4,7,4,4,2,5,5,2,2,3,3,4,4,3,3,5,4,3,2,7,4,6,1,6,5,1,5,3,3,4,4,3,5,3,4,3,4,5,5,3,4,7,2,6,3,4,3,3,5,7,2,3,8,4,6,4,7,5,4,5,4,4,5,5,4,2,3,4,4,2,6,6,5,2,6,4,3,4,5,4,5,4,6,3,5,3,4,1,5,7,2,5,2,3,5,4,6,3,4,5,7,6,5,5,4,3,2,5,2,4,5,4,4,4,4,5,4,4,5,5,4,4,6,5,5,5,4,4,4,5,5,2,4,5,5,2,6,4,5,6,4,4,5,4,6,6,3,5,4,6,4,6,5,6,4,2,2,2,4,5,6,5,4,4,2,4,3,3,4,5,6,4,4,3,7,5,2,3,2,5,3,5,5,6,4,5,4,2,4,5,4,4,3,5,6,4,3,3,5,4,5,5,6,4,5,4,4,4,4,3,5,5,5,4,4,3,5,5,3,2,6,7,5,5,6,5,7,3,3,3,5,2,4,2,3,5,8,5,3,4,3,2,3,5,6,5,5,2,6,2,4,4,4,5,5,4,3,4,3,6,2,3,4,4,5,7,4,6,6,3,3,6,4,6,3,3,5,3,5,3,3,3,4,3,5,4,5,3,3,3,7,5,5,2,4,5,4,7,3,3,5,3,3
GER,1,1,0,1,1,0,1,0,1,0,1,0,0,0,0,0,0,0,1,0,1,0,1,1,0,1,1,0,1,0,0,0,1,1,1,0,0,0,0,0,0,1,1,1,0,0,0,0,0,1,1,0,1,1,0,0,0,1,0,0,1,0,0,0,0,1,0,1,0,0,0,0,0,0,0,0,0,0,1,1,0,0,0,0,1,0,0,0,0,1,0,0,1,0,1,1,0,0,0,0,0,0,1,0,0,1,0,0,0,0,1,0,0,0,1,0,0,0,0,0,0,0,0,1,0,1,1,0,1,0,1,0,0,0,0,0,0,0,0,0,0,0,1,0,1,0,0,0,1,1,1,1,1,0,1,1,1,1,1,0,0,0,0,1,0,1,1,0,0,1,0,0,0,0,0,1,0,0,0,1,0,1,0,0,0,1,0,0,1,0,0,0,0,0,0,1,0,1,0,0,0,1,0,1,0,0,0,0,0,1,0,0,1,1,0,0,1,0,0,0,1,0,0,0,1,0,1,0,0,1,0,0,1,0,1,0,0,1,1,0,0,1,0,1,0,0,0,0,1,1,1,1,0,1,1,0,0,0,0,1,1,0,0,0,1,1,0,0,0,0,1,0,1,0,0,0,1,0,1,0,1,1,1,0,1,0,0,1,0,0,1,0,1,1,0,0,0,0,1,0,1,0,0,1,0,0,0,0,1,0,1,0,0,0,0,1,1,1,1,1,1,0,0,1,0,0,0,1,0,0,1,0,1,1,1,1,1,0,0,0,0,1,0,1,0,1,1,0,0,1,1,0,1,1,0,0,0,0,0,0,0,1,0,0,0,0,1,1,1,0,1,0,0,0,1,0,1,1,1,0,0,1,0,1,0,0,1,0,1,1,0,1,0,1,0,0,0,0,1,1,0,1,1,0,0,0,0,0,0,0,0,1,0,0,0,1,1,0,1,1,0,1,0,1,1,0,0,0,1,0,1,0,0,1,0,0,1,1,1,0,0,1,0,1,0,0,0,1,0,0,1,0,0,0,0,0,1,0,0,1,0,0,1,0,0,0,0,1,1,0,1,0,0,1,1,0,0,1,0,0,0,0,0,0,0,0,1,1,1,0,1,0,0,0,0,0,1,1,0,0,1,1,1,0,1,0,0,1,0,0,0,0,0,0,1,0,0,0,0,1,0,0,0,1,0,0,0,0,0,0,1,0,1,0,1,0,0,0,0,0,0,0,0,0,0,0,0,1,0,0,1,1,0,0,1,0,0,0,0,0,1,0,0,0,1,0,0,0,0,1,0,1,0,0,0,0,0,1,1,0,0,0,0,0,1,1,0,0,0,0,1,0,0,1,0,0,0,0,1,1,0,0,0,0,1,0,0,0,0,0,0,1,1,0,0,0,0,1,1,0,0,0,1,1,0,1,1,0,0,1,1,0,1,0,0,0,0,1,0,0,1,1,0,0,1,0,0,1,0,0,0,1,0,0,0,0,0,0,0,1,0,0,0,0,1,1,0,1,0,1,0,1,0,0,0,1,0,1,1,0,0,0,1,0,0,1,1,0,0,1,0,0,0,1,0,0,0,0,0,0,1,0,1,1,0,1,1,0,0,0,0,0,0,0,1,1,0,0,0,0,1,0,1,1,0,0,0,1,0,0,0,0,0,0,0,1,1,0,0,0,1,1,1,1,1,0,1,1,0,0,1,1,0,0,0,1,0,0,1,0,0,1,0,0,0,1,0,0,1,1,1,0,0,0,0,0,1,0,1,0,1,0,0,1,1,1,1,1,0,0,1,0,1,1,0,1,1,0,0,0,0,1,0,0,0,1,0,0,1,0,0,0,1,0,1,0,0,0,0,1,0,0,0,1,0,1,0,0,1,0,0,0,1,0,0,1,1,0,0,0,0,0,0,0,1,0,0,1,0,1,0,0,0,1,1,0,0,0,1,0,0,0,1,1,1,1,0,0,0,1,1,0,0,0,1,1,0,0,0,0,0,0,0,1,0,0,0,0,0,1,0,0,0,1,0,0,1,0,0,0,1,1,0,1,1,0,0,0,1,1,0,0,1,1,1,0,1,0,0,1,0,0,0,0,1,0,0,1,1,1,1,0,1,0,0,1,0,0,1,0,0,0,0,1,1,0,1,0,0,1,0,1,1,0,0,0,1,0,0,1,1,1,0,0,0,1,0,0,0,0,0,0,0,0,0,0,0,1,1,0,0,1,0,0,0,0,0,0,1,0,0,0,0,0,0,1,1,1,1,1
AUS,3,3,2,3,2,0,0,2,3,1,1,1,1,3,2,0,1,2,2,0,1,3,2,1,3,3,3,0,1,3,1,0,1,2,1,1,1,0,1,1,2,1,0,3,2,2,2,3,2,3,1,2,1,0,3,2,1,2,1,1,2,2,1,1,2,1,2,1,1,2,2,2,2,1,2,1,1,1,1,2,1,2,0,2,3,0,2,1,0,2,2,2,0,0,2,2,3,1,0,2,1,1,0,2,2,0,0,0,2,0,2,2,1,1,4,2,2,0,1,2,0,3,1,1,0,2,2,0,2,0,1,1,2,0,0,0,2,2,1,2,2,2,0,0,3,2,1,2,0,1,0,3,3,3,0,1,2,1,0,1,2,1,1,2,0,1,0,1,2,2,1,2,0,0,3,1,1,1,1,1,2,2,0,1,1,2,2,2,3,0,1,1,4,1,1,0,2,2,0,3,1,2,0,2,0,4,1,0,4,1,1,2,1,0,2,1,2,3,2,1,1,2,3,3,2,2,1,3,1,2,2,2,1,1,2,2,2,3,3,1,1,2,0,3,4,1,2,0,0,2,0,1,3,0,1,1,2,1,1,2,2,3,2,2,1,1,2,1,1,3,0,3,3,2,0,1,2,1,1,2,4,2,1,2,1,3,0,1,3,2,1,2,0,1,1,3,1,1,2,1,1,1,3,2,2,1,0,2,2,1,3,1,1,0,0,2,1,2,1,0,1,1,2,0,3,0,3,2,2,1,2,1,3,2,2,1,1,0,2,0,0,1,2,0,0,4,1,4,1,2,1,2,2,1,1,1,0,2,2,0,2,2,1,2,1,3,1,0,2,2,1,4,1,1,2,1,2,2,1,2,1,2,1,1,0,1,0,2,2,1,2,3,3,1,2,2,2,1,2,3,3,0,2,0,0,1,1,3,2,1,1,2,2,1,1,3,0,2,2,0,1,0,2,1,3,2,3,2,1,2,1,2,2,1,3,3,0,1,1,0,1,1,3,1,2,1,2,3,1,1,1,0,2,3,2,0,1,2,1,1,1,2,4,1,1,1,1,1,1,1,2,1,2,2,1,4,0,0,2,2,3,1,0,0,1,1,0,0,2,2,1,1,1,1,1,0,0,2,1,2,0,2,0,1,3,2,2,1,2,0,2,0,2,1,1,3,2,1,3,1,2,1,2,3,0,1,2,1,1,1,1,0,2,2,1,2,1,0,0,2,2,2,1,2,3,2,3,1,1,2,1,2,1,1,2,2,2,2,2,0,1,1,1,1,1,0,2,1,2,1,1,1,1,3,3,3,2,1,1,1,2,1,1,0,4,1,1,2,3,1,2,0,0,1,2,1,0,3,2,1,2,2,3,1,1,0,1,2,1,1,0,2,0,2,1,2,1,0,2,2,1,3,3,3,2,1,1,2,1,1,1,3,0,1,2,2,1,2,2,0,1,1,2,1,2,1,2,0,1,1,1,2,1,0,3,1,0,1,2,0,0,4,3,1,0,1,1,1,0,1,1,1,3,1,1,1,1,3,1,2,1,3,2,1,2,0,0,0,2,1,0,2,2,0,1,2,4,1,1,1,1,1,2,1,3,2,2,2,1,2,2,1,2,3,1,0,0,3,0,2,2,1,1,3,0,0,2,1,1,1,3,1,2,2,0,2,0,2,2,2,2,3,1,2,2,1,1,0,1,0,2,1,3,1,2,3,1,2,1,2,0,3,1,2,1,1,2,1,2,1,3,1,2,3,2,1,2,1,2,2,0,1,3,2,1,1,1,1,2,0,2,1,2,3,1,2,1,0,1,2,0,0,3,2,3,2,1,1,0,2,3,1,2,1,2,0,2,0,3,2,2,1,1,3,1,2,2,3,1,1,1,1,2,1,0,1,3,3,1,1,2,0,1,3,1,2,0,2,0,2,0,2,2,1,1,1,1,1,1,2,0,2,2,2,0,3,1,2,1,1,1,1,1,2,2,1,0,0,1,1,1,1,2,1,3,2,1,1,4,3,2,1,1,2,2,3,3,2,1,1,0,2,3,4,0,1,3,3,1,1,1,1,3,2,1,0,0,1,1,2,1,0,0,2,3,1,3,1,2,1,3,2,2,3,3,1,2,2,0,1,0,1,1,0,3,1,2,3,0,1,1,3,2,1,2,2,1,1,2,3,1,3,2,2,1,2,0,0,1,2,1,2,2,1,0,2,2,1,1,1,3,1,1,1,1,1,1,1,0,2,2,1,2,2,2,1,2,2,2,0
FRA,3,0,1,1,1,1,1,1,0,0,2,0,2,2,1,2,1,0,1,2,0,0,1,0,2,1,1,1,1,0,1,3,1,1,0,0,2,1,1,0,0,0,0,1,0,2,0,2,2,2,2,3,1,1,2,1,0,1,2,1,0,2,1,1,2,1,1,1,1,0,1,2,2,2,1,1,1,0,0,2,1,1,1,2,0,0,1,2,0,1,2,1,1,0,0,1,0,1,2,1,2,2,1,1,1,3,1,0,1,1,1,1,2,2,1,1,1,1,3,2,0,1,2,1,0,1,1,2,1,0,1,1,0,1,1,0,1,1,0,0,0,1,1,2,0,2,1,3,2,1,1,0,1,1,1,1,1,0,2,0,1,2,1,2,2,1,1,0,2,2,3,1,2,2,1,1,0,1,1,1,3,1,1,0,2,0,0,2,0,2,2,1,0,1,1,0,1,1,1,1,1,0,1,0,1,2,0,1,0,1,1,1,2,0,0,1,0,1,0,1,1,0,3,0,1,2,1,0,1,1,0,2,2,1,1,2,1,1,0,0,2,2,1,1,0,1,1,2,0,0,2,0,1,2,0,1,1,1,1,0,1,0,2,1,1,1,0,1,0,1,1,2,0,0,2,3,1,1,0,0,1,0,1,1,0,1,2,2,1,1,2,1,0,0,2,1,2,3,2,1,1,1,0,1,0,2,2,2,0,0,0,1,0,1,1,1,2,1,0,2,0,2,2,1,2,1,2,2,2,0,1,2,1,2,0,1,3,0,2,1,2,1,3,0,2,1,1,2,2,3,0,0,0,2,2,1,3,1,1,1,1,0,0,2,3,2,1,1,2,1,0,2,2,1,2,1,3,0,0,1,2,1,1,2,3,0,0,2,1,0,2,2,1,1,0,0,0,2,1,1,0,2,3,2,0,1,0,1,1,2,1,0,1,0,2,1,1,0,2,2,2,0,1,2,2,1,2,2,1,1,1,2,1,0,1,2,1,0,0,1,2,1,1,1,2,0,1,2,1,3,2,2,2,1,2,0,1,1,2,0,1,1,0,2,1,2,0,2,0,2,2,1,1,1,2,1,2,2,2,2,1,1,1,1,1,2,0,2,1,1,1,2,3,0,1,1,1,0,1,1,0,3,1,1,0,1,0,1,2,2,3,2,2,2,1,1,2,2,0,1,1,2,2,2,0,2,1,2,1,2,2,1,3,2,1,1,2,1,1,1,2,0,2,3,1,2,1,1,1,2,1,2,0,2,0,0,2,1,0,1,1,2,1,1,0,1,0,2,1,0,0,1,0,0,2,1,0,1,0,1,1,1,1,2,1,2,3,2,0,0,1,2,1,0,2,1,2,3,2,1,3,2,0,0,0,1,1,1,0,1,1,2,2,0,1,0,1,0,1,1,1,1,0,0,3,2,1,2,1,0,1,0,2,3,2,1,1,2,2,1,1,1,2,2,1,2,0,2,0,2,1,0,2,0,0,2,2,2,1,1,2,2,2,2,1,1,1,1,1,1,1,1,1,2,0,1,2,0,2,0,1,1,2,2,1,2,0,1,0,1,2,1,2,1,0,0,2,3,0,2,1,2,0,1,1,2,0,3,2,2,1,1,1,0,1,2,2,1,2,2,0,1,1,1,2,1,0,2,1,1,0,1,2,3,2,2,0,0,3,2,1,0,2,1,1,1,0,2,2,1,2,1,1,1,2,1,0,2,0,0,0,1,3,2,1,1,1,1,0,2,2,1,1,3,2,1,2,2,0,2,3,3,3,1,0,1,0,0,1,1,2,2,2,0,2,1,0,0,1,0,1,1,1,2,2,2,1,0,2,1,3,1,1,2,1,2,1,0,0,0,1,1,0,2,1,1,0,0,1,1,0,0,1,1,2,0,2,0,2,0,1,0,1,2,3,2,2,1,0,0,2,0,2,1,2,1,0,1,1,2,1,0,2,1,1,1,2,1,2,2,1,1,0,1,0,0,2,1,1,2,1,1,1,1,1,1,1,1,1,2,2,1,0,1,2,2,2,1,1,1,0,2,1,1,1,1,1,1,0,0,0,1,1,0,0,2,1,1,1,1,1,1,1,0,1,0,1,2,0,3,1,3,3,0,1,0,1,2,1,1,0,1,1,0,1,1,1,1,2,2,2,0,2,1,1,1,0,2,2,0,3,1,1,0,1,1,2,0,0,2,1,1,0,1,2,1,1,1,3,0,3,1,0,1,2,2,2,2,1,2,2,1,0,1,1,1,0,1,2,1
HUN,0,0,1,0,0,1,0,1,1,1,1,2,2,1,2,1,0,1,2,1,0,0,1,0,0,3,0,1,2,0,2,2,2,0,0,1,1,1,2,0,0,1,3,0,0,1,1,0,0,1,0,0,0,1,0,1,1,1,1,1,0,1,2,1,2,2,1,0,1,2,0,0,0,1,2,1,1,1,1,1,0,2,2,1,1,1,0,0,1,2,0,0,1,2,0,0,0,2,1,1,1,0,0,0,1,0,2,1,2,2,2,0,1,1,1,1,0,0,2,1,1,1,1,0,0,0,1,1,0,1,1,1,0,1,2,1,0,0,1,0,1,0,1,1,2,1,0,2,1,0,1,0,1,0,1,1,0,1,1,1,0,0,1,1,1,1,0,2,0,0,1,1,1,1,1,2,2,1,1,2,1,1,0,3,1,1,0,3,1,2,1,1,2,1,2,1,1,1,2,2,0,0,0,0,1,0,0,1,1,2,1,2,0,1,0,0,2,1,1,1,1,2,1,0,0,1,3,0,2,1,1,1,1,1,0,0,1,1,0,2,0,1,1,1,1,1,1,1,1,1,0,1,2,1,2,1,1,1,1,0,2,0,0,1,1,0,1,1,0,1,0,2,0,1,1,0,2,2,1,1,0,1,2,3,0,0,1,2,2,2,0,1,0,2,3,1,0,1,2,1,0,2,1,1,3,1,0,2,1,0,0,2,1,1,1,1,2,0,1,2,0,1,1,1,2,2,1,2,0,1,1,0,2,1,0,0,2,0,0,1,1,1,0,1,1,1,1,0,1,1,1,0,1,1,0,2,2,0,1,0,2,0,2,0,0,0,0,2,1,1,0,1,2,2,1,1,0,0,0,1,1,1,0,0,0,2,1,1,2,1,0,2,1,1,0,1,3,0,1,1,1,0,1,0,1,2,2,1,1,1,0,0,1,2,0,1,0,0,0,1,0,2,1,1,1,1,0,2,1,1,1,1,1,0,1,0,2,2,1,1,0,1,1,2,1,1,1,0,1,0,2,1,2,1,1,0,1,1,0,1,1,1,0,2,1,0,1,0,0,1,0,0,1,0,0,1,1,0,0,1,0,1,1,1,1,3,0,0,2,1,2,0,0,2,1,1,0,2,1,2,3,1,2,0,1,1,2,1,1,2,0,0,0,0,0,2,1,1,3,2,2,0,1,1,2,2,1,0,2,0,0,2,1,0,1,3,0,1,1,2,0,2,1,0,1,1,1,1,0,0,1,0,1,0,0,2,1,1,0,0,1,0,0,2,1,0,1,3,1,1,1,2,2,1,1,2,2,1,1,1,2,3,0,1,2,1,1,1,1,2,0,1,2,0,1,3,2,0,0,0,0,1,1,0,1,0,1,0,2,2,0,0,1,0,1,1,0,2,0,1,1,2,1,0,0,1,1,0,1,2,2,1,1,0,1,1,1,1,1,2,2,1,1,3,2,2,1,1,0,1,1,1,1,1,1,1,2,1,1,2,2,2,1,0,2,0,0,0,1,1,0,1,0,0,2,1,1,0,1,1,1,0,1,0,2,1,3,2,1,2,1,0,0,2,1,0,0,0,1,1,1,1,0,1,2,0,1,2,1,1,1,2,1,1,0,1,1,0,1,2,2,0,1,0,0,0,0,0,2,1,1,1,0,1,1,1,1,1,0,1,0,2,0,0,1,0,0,2,1,0,1,1,1,1,2,1,1,1,1,1,2,0,2,1,1,1,1,1,1,0,1,0,1,1,1,1,0,1,0,1,1,0,1,1,1,1,1,1,2,2,0,1,1,1,1,1,1,0,0,1,1,1,1,3,0,0,1,1,1,1,1,2,0,0,2,1,0,1,1,1,2,2,1,0,2,1,1,1,1,0,1,1,1,0,0,2,0,0,1,1,2,2,1,1,0,1,0,0,1,0,0,2,2,1,2,3,1,1,1,1,1,2,1,0,1,0,0,0,1,0,0,1,1,1,1,1,0,2,1,1,1,2,0,1,0,1,1,0,1,2,0,1,1,0,1,1,0,1,1,1,0,0,0,0,1,1,2,0,0,0,1,1,2,1,1,0,2,1,1,1,2,0,0,1,1,0,0,1,2,0,1,1,0,0,0,0,1,1,2,2,0,1,1,1,0,0,1,2,1,0,1,0,0,2,2,0,1,1,1,0,0,0,0,1,3,1,2,2,2,1,1,1,1,0,2,1,2,2,1,0,0,1,0,2,1,1,0,1,2,0,1,1,1,1,0,2,2,1,1,1
JPN,2,2,4,3,4,5,5,3,2,2,3,2,6,5,3,3,3,3,2,2,6,4,3,6,1,1,3,7,6,5,2,4,2,4,4,4,5,6,3,4,3,5,6,6,5,2,4,3,3,3,4,6,5,4,5,5,5,4,4,4,6,5,4,5,5,4,3,3,4,3,3,4,5,5,4,4,3,3,7,2,6,3,3,4,3,5,3,4,5,2,4,4,7,4,3,5,4,2,3,2,4,4,4,3,2,4,3,5,3,3,3,3,3,4,4,4,5,7,2,4,7,6,3,4,7,4,3,3,2,6,4,5,4,3,5,4,4,3,3,4,5,4,4,2,2,2,4,1,1,4,5,3,3,3,7,4,5,4,4,7,4,3,2,4,4,4,5,4,4,4,3,4,4,5,2,4,6,3,2,4,4,4,4,4,4,4,3,2,3,4,6,5,3,3,3,3,2,4,2,4,4,5,3,4,4,3,4,5,3,4,4,4,6,5,5,3,4,3,4,4,4,4,3,4,4,5,4,4,4,2,4,4,3,4,5,5,2,2,4,5,3,3,3,2,4,5,1,5,4,4,6,4,2,5,4,5,7,4,2,5,2,3,3,5,4,3,3,4,5,2,4,3,5,4,4,4,4,4,4,5,4,3,6,2,4,3,2,3,4,4,3,5,4,4,1,3,4,3,3,3,4,3,3,3,5,5,2,1,6,5,4,5,5,4,6,3,3,2,5,6,2,3,4,5,3,6,1,5,5,3,5,6,3,4,2,3,3,3,3,2,5,3,3,5,5,1,6,1,4,3,3,5,5,2,4,5,3,5,5,4,6,4,5,3,3,4,4,4,4,4,4,3,4,3,2,4,5,3,5,3,5,3,5,5,4,3,5,4,4,6,3,4,3,5,4,6,3,3,3,3,4,3,4,2,5,4,5,2,5,1,3,5,5,4,4,3,4,4,3,6,3,4,5,3,3,4,4,3,5,3,5,3,2,4,5,4,2,6,5,4,5,3,2,4,2,5,5,2,5,4,5,2,4,2,3,6,5,5,5,5,1,5,4,4,5,4,6,3,5,3,2,5,3,2,3,3,3,4,6,2,2,6,5,6,5,4,4,2,5,4,4,6,3,5,6,4,4,1,6,6,4,5,3,3,5,5,3,5,2,5,4,4,4,5,5,2,5,4,3,3,3,3,3,4,3,2,2,2,5,3,3,5,3,6,5,5,5,2,3,2,2,2,3,1,2,3,2,4,3,3,4,2,2,3,4,4,6,5,3,7,3,3,3,4,4,5,3,4,2,5,2,5,3,4,2,2,4,5,3,4,1,3,4,3,3,3,4,3,5,4,3,5,4,3,3,5,3,1,5,4,4,0,4,3,5,6,4,3,6,5,4,3,3,5,4,3,3,4,4,1,6,4,2,3,4,3,2,1,3,3,1,1,5,2,3,2,4,3,3,5,2,2,5,0,6,5,3,5,3,4,7,4,5,5,3,3,5,5,3,3,3,1,2,5,3,5,3,4,4,3,0,3,3,4,5,5,4,4,3,3,4,4,1,2,4,3,5,3,6,3,4,5,5,3,4,3,5,3,3,2,4,3,3,5,5,5,5,4,6,3,4,5,3,4,6,5,1,5,3,3,2,5,4,5,6,5,6,5,5,3,5,4,3,3,5,2,5,5,2,5,2,1,3,3,2,3,4,3,4,4,5,3,2,4,2,4,5,3,5,3,2,3,4,3,3,5,4,3,3,3,2,6,2,1,3,7,3,2,5,3,2,3,0,4,4,4,2,4,3,4,2,4,1,3,5,6,4,4,5,3,4,4,3,3,2,5,2,3,5,4,3,2,2,4,3,3,5,6,4,6,2,4,2,3,5,1,3,3,4,5,3,4,5,4,2,4,1,6,4,4,3,6,6,3,1,2,3,3,5,3,4,6,3,4,3,1,6,5,3,2,5,3,2,5,7,4,4,5,6,3,4,2,4,3,6,4,3,4,4,4,4,4,3,3,4,5,5,5,4,3,4,4,4,5,4,3,3,3,5,1,4,3,4,2,2,4,3,4,6,4,4,4,4,5,3,3,2,3,2,4,3,3,5,3,2,6,1,2,6,4,4,3,2,3,2,4,4,2,5,4,5,6,3,4,5,4,4,3,4,5,5,3,3,5,3,4,5,6,4,1,3,2,1,3,1,2,4,6,2,5,4,6,4,4,5,3,4,4,3,4,3,5,5,1,5,5,5,3,3,2,5,4,3,4,3,4,5,2,4,3
NED,3,2,2,1,2,1,2,1,2,3,2,3,1,0,2,3,3,2,1,3,1,1,3,1,2,3,3,1,1,1,2,3,3,3,2,2,1,3,1,3,3,2,1,1,1,1,4,2,1,2,2,3,2,2,3,1,3,1,1,1,1,1,3,4,1,3,2,3,2,1,3,3,1,2,2,2,4,2,2,2,3,3,3,2,1,2,2,2,2,3,3,0,3,3,1,2,4,2,2,3,2,2,3,4,2,3,3,1,3,2,2,1,2,2,1,2,3,1,2,1,3,1,3,4,2,1,2,3,4,3,3,2,2,4,3,2,2,3,3,3,3,2,1,4,3,3,2,2,3,2,3,2,1,2,3,3,3,0,2,2,1,3,3,2,3,2,3,1,2,3,3,1,1,2,1,1,1,4,3,2,3,3,4,2,1,1,1,0,0,3,2,2,1,2,3,3,1,2,4,2,2,1,3,2,3,2,2,2,4,2,4,3,2,4,2,4,1,1,3,3,3,2,1,2,2,1,0,3,3,3,1,3,0,2,2,1,4,3,1,1,3,4,3,2,1,3,4,3,4,1,4,2,2,3,1,1,1,1,3,1,1,2,2,3,3,2,3,1,1,2,2,1,1,0,1,1,1,0,1,0,2,3,1,2,4,3,1,2,1,1,4,1,2,2,3,2,3,2,2,2,2,3,1,3,1,3,2,2,3,2,1,1,0,3,3,2,0,2,1,2,2,3,0,2,1,2,2,0,2,1,1,1,3,3,3,2,2,3,1,2,1,3,3,3,2,1,1,3,2,1,4,2,3,3,2,3,0,2,0,4,1,3,2,2,2,1,2,3,3,2,4,1,3,2,2,3,2,4,2,1,2,1,2,3,3,1,4,1,3,2,3,0,1,2,2,1,1,3,1,2,2,4,3,3,2,2,2,2,1,3,2,2,3,3,3,3,1,3,3,1,3,2,3,2,1,2,1,1,3,3,2,1,2,1,3,4,4,2,3,2,3,1,4,4,3,2,1,3,1,4,1,3,2,1,2,4,2,2,2,1,2,1,2,1,3,2,3,4,3,3,3,3,2,2,2,1,2,2,2,2,2,2,1,2,1,2,2,3,2,3,3,2,2,2,1,2,3,4,1,1,1,1,3,3,0,1,2,3,1,3,2,3,2,3,3,2,3,3,2,2,1,3,3,2,2,2,3,3,3,4,3,3,2,2,1,1,2,4,2,3,2,3,2,3,2,2,2,1,3,3,2,1,2,1,2,2,1,1,3,2,2,4,3,2,4,3,2,2,3,2,4,1,2,0,3,1,2,1,1,3,2,1,3,3,2,2,2,2,1,1,2,2,4,3,1,1,3,2,2,2,1,1,1,4,1,3,3,2,1,1,3,2,3,2,3,2,3,3,3,3,1,1,0,1,3,0,2,1,2,3,3,4,1,2,1,4,4,2,2,2,2,2,1,1,1,0,3,3,2,3,3,1,2,3,1,3,3,3,2,4,3,2,2,2,2,2,2,3,0,3,1,3,3,3,3,4,2,2,3,1,1,2,1,3,3,3,3,3,2,1,3,1,3,3,3,2,0,1,2,3,2,4,2,1,0,2,3,0,1,1,2,2,2,1,2,3,2,1,0,2,1,2,3,0,1,2,0,2,1,1,2,4,2,2,3,3,1,1,2,2,1,1,4,3,3,2,2,2,2,2,1,1,3,1,0,1,3,3,1,2,4,1,1,1,2,1,2,3,1,2,1,2,2,3,2,1,3,2,2,2,2,3,3,1,4,2,3,2,2,3,2,2,2,2,2,1,2,3,1,2,1,1,1,1,1,3,4,3,2,2,1,4,2,3,0,3,3,1,2,0,3,0,3,1,2,4,2,3,2,3,3,2,3,2,2,4,2,2,2,2,1,0,1,1,1,2,4,4,3,3,2,0,1,3,3,4,1,0,2,2,3,3,3,2,0,1,2,2,1,1,1,1,3,2,1,1,2,1,3,2,2,3,3,3,2,1,2,2,0,1,2,2,2,2,2,3,2,1,2,4,4,2,1,1,4,2,2,2,2,3,4,0,1,0,1,3,3,3,2,0,2,2,3,1,4,2,3,2,1,3,1,2,2,2,2,3,2,2,3,2,3,1,2,3,2,3,3,1,2,2,2,0,3,3,2,2,2,3,1,2,4,2,2,2,2,2,1,2,2,1,2,1,2,2,1,1,4,2,1,2,1,2,4,2,0,2,2,1,2,3,3,3,4,2,2,2,2,2,3,3
FIN,0,0,0,0,0,0,0,0,0,0,0,0,0,0,0,0,0,0,0,0,0,0,0,0,0,0,0,0,0,0,0,0,0,0,1,0,0,0,0,0,0,0,0,0,0,0,0,0,0,0,0,0,0,0,0,0,0,0,0,0,0,0,0,0,0,0,0,0,0,0,0,0,0,0,0,0,0,1,0,0,0,0,0,0,0,0,0,0,0,0,0,0,1,0,0,0,0,0,0,0,0,0,0,0,0,0,0,0,0,0,0,0,0,1,0,0,0,0,0,0,0,0,0,0,0,0,0,0,0,0,0,0,0,0,0,0,0,0,0,0,0,0,0,0,0,0,0,0,0,0,0,0,0,0,0,0,0,0,0,0,0,0,0,0,0,0,0,0,0,0,0,0,0,0,0,0,0,0,0,0,0,0,0,0,0,0,0,0,0,0,0,0,0,0,0,0,0,0,0,0,0,0,0,0,0,0,1,0,0,0,0,0,0,0,0,0,0,0,0,0,0,0,0,0,1,0,0,0,0,0,0,0,0,0,0,0,0,0,0,0,0,0,0,0,0,0,0,0,1,0,0,0,0,0,0,0,0,1,0,0,0,0,0,0,0,0,0,0,0,0,0,0,0,0,0,0,0,0,0,0,0,0,0,0,0,0,0,0,0,0,0,0,1,0,0,0,0,0,0,0,0,0,0,0,0,0,0,0,0,0,0,0,0,0,0,0,0,0,0,0,0,0,0,0,0,0,0,0,0,0,0,0,0,0,0,0,0,0,1,0,0,0,0,0,0,1,0,0,0,0,0,0,0,0,0,0,0,0,0,0,0,1,0,0,1,0,0,0,0,0,0,0,0,0,0,0,0,0,0,0,0,0,0,0,0,0,0,0,1,0,0,0,0,0,0,0,0,0,0,0,0,0,0,0,0,0,0,0,0,0,0,0,0,0,0,0,0,0,0,0,0,0,0,0,0,0,0,0,0,0,0,0,1,0,0,0,0,0,0,0,0,0,0,0,0,0,0,0,0,0,0,0,0,0,0,0,0,0,0,0,0,0,0,0,0,0,0,0,0,0,0,0,0,0,0,0,0,0,0,0,0,0,0,0,0,0,0,0,0,0,0,0,0,0,0,1,0,0,0,0,0,0,0,0,0,0,0,0,0,0,0,0,0,0,0,0,0,0,0,0,0,0,0,0,0,0,0,0,0,0,0,0,0,1,0,0,0,0,0,0,0,0,0,0,0,0,0,0,0,0,0,0,0,0,0,0,0,0,0,0,0,0,0,0,0,0,0,0,0,0,0,0,0,0,0,0,0,0,0,0,0,0,1,0,0,0,0,0,0,0,0,0,0,0,0,0,0,0,0,0,0,0,0,0,0,0,0,0,0,0,1,0,0,0,0,0,0,0,0,0,0,0,0,1,0,0,0,0,0,0,0,0,0,0,0,0,0,0,0,0,0,0,0,1,0,1,0,0,0,0,0,0,0,0,0,0,0,0,0,0,0,0,0,0,0,0,0,0,0,0,0,0,0,0,0,0,0,0,0,0,0,0,2,0,0,0,0,0,0,0,0,0,0,0,0,0,0,1,0,0,0,0,1,0,0,1,0,0,0,0,0,0,0,0,0,0,0,0,0,0,0,0,0,1,0,0,0,0,1,0,0,0,0,0,0,0,0,0,0,0,0,1,0,0,0,0,0,0,0,0,0,0,0,0,0,1,0,0,1,0,0,0,0,0,0,0,0,0,0,0,0,0,0,0,0,0,0,0,0,0,0,0,0,0,0,0,0,0,0,0,0,0,0,0,0,0,0,0,0,1,1,0,0,0,0,0,0,0,0,0,0,0,0,0,0,0,0,0,0,0,0,0,0,1,0,0,0,0,0,0,0,0,0,0,1,0,0,0,0,0,0,0,0,0,1,0,0,0,0,0,0,0,0,0,0,0,0,0,0,0,0,0,0,0,0,0,0,0,0,0,0,0,0,0,0,0,0,0,0,0,0,0,0,0,0,0,0,0,0,0,0,0,0,0,0,0,0,0,0,0,0,0,0,0,0,0,0,0,0,0,0,1,0,0,0,0,0,0,0,0,1,0,0,0,0,0,0,0,0,0,0,0,0,0,0,0,0,0,0,0,1,0,0,0,0,0,0,0,0,0,0,0,0,0,0,1,0,0,0,0,0,0,0,0,0,0,0,0,0,0,0,0,0,0,0,0,0,0,0,0,0,0,0,0,0,0,0,0,0,0,0,0,0,0,0,0,0,0,0,0
UKR,0,0,0,0,0,0,0,0,0,0,0,0,0,0,0,0,0,0,0,0,0,0,0,0,0,0,0,0,0,0,0,0,0,0,0,0,0,0,0,0,0,0,0,0,0,0,0,0,0,0,0,0,0,0,0,0,0,0,0,0,0,0,0,0,0,0,0,0,0,0,0,0,0,0,0,0,0,0,0,0,0,0,0,0,0,0,0,1,0,0,0,0,0,0,0,0,0,0,0,0,0,0,1,0,0,0,0,0,0,0,0,0,0,0,0,0,0,0,0,0,0,0,0,0,0,0,0,0,0,0,0,0,0,0,0,1,0,0,0,0,0,0,0,0,0,0,1,0,0,0,0,0,0,0,0,0,0,0,0,0,0,0,0,0,0,0,1,0,0,0,0,0,0,0,0,0,0,1,0,0,0,0,0,0,0,0,1,0,0,0,0,0,0,0,0,0,0,0,0,0,0,0,0,0,0,0,0,0,0,0,0,0,0,0,0,0,0,0,0,0,0,0,0,0,0,0,0,0,0,0,0,0,0,0,0,0,0,0,0,0,0,0,0,0,0,0,0,0,0,0,0,0,0,0,0,0,0,0,0,0,0,0,0,0,0,0,0,0,0,0,0,0,0,0,0,0,0,1,0,0,0,0,0,0,0,0,0,0,0,0,0,0,0,0,0,0,0,0,0,0,1,0,0,0,0,1,1,0,0,0,1,0,0,0,0,0,0,0,0,0,0,0,0,0,0,0,0,0,0,0,0,0,0,0,0,0,0,0,0,0,0,0,0,0,0,0,0,0,0,0,0,0,0,0,0,0,0,0,0,0,0,0,0,0,0,0,0,0,0,0,0,0,0,0,0,0,0,0,0,1,0,0,1,0,0,0,0,0,0,0,0,0,0,0,0,0,0,0,0,0,0,0,0,0,0,0,0,0,0,0,0,0,0,0,0,0,0,0,0,0,0,0,0,0,0,0,0,0,0,0,0,0,0,0,0,0,0,0,0,0,0,0,0,0,1,0,0,0,0,0,0,0,0,0,0,0,0,0,0,0,0,0,0,0,0,0,0,0,0,0,0,0,0,1,0,0,0,0,0,0,0,0,0,0,0,0,0,0,0,0,0,0,0,0,0,0,0,0,0,0,0,0,0,0,0,0,0,0,0,0,0,0,0,0,0,0,0,0,0,0,0,0,0,0,0,0,0,0,0,0,0,0,0,0,0,0,0,0,0,0,0,0,0,0,0,0,0,0,0,0,0,0,0,0,0,0,0,0,0,0,0,0,0,0,0,0,0,0,0,0,0,0,0,0,0,0,0,0,0,0,0,0,0,0,0,0,0,0,0,0,0,0,0,0,0,0,0,0,0,0,0,0,0,0,0,0,0,0,0,0,0,0,0,0,0,0,0,0,0,0,0,0,0,0,0,0,0,0,0,0,0,0,0,1,0,0,0,0,0,0,0,0,0,0,0,0,0,0,0,0,1,0,0,0,0,0,0,0,0,0,0,1,0,0,0,0,0,0,0,0,0,0,0,0,0,0,0,0,0,0,0,0,0,0,0,0,0,0,0,0,0,0,0,0,0,0,0,0,0,0,0,0,0,0,0,0,0,0,0,0,0,0,0,0,0,1,0,0,1,0,0,0,0,0,1,0,0,0,0,0,0,0,1,0,0,0,0,0,0,0,0,0,0,0,0,0,0,0,0,0,0,0,0,0,0,0,0,0,0,0,0,0,0,0,0,0,0,0,0,0,0,0,0,0,0,0,0,0,0,0,0,0,0,0,0,0,0,0,0,0,0,0,0,0,0,0,0,0,0,0,0,0,0,0,0,0,0,0,0,0,0,0,0,0,0,0,0,0,0,0,0,0,0,0,0,0,0,0,0,0,0,0,0,0,0,0,0,0,0,0,0,0,0,0,0,0,1,0,0,0,1,0,0,0,0,0,0,0,0,0,0,0,0,0,0,0,0,0,0,0,0,0,0,0,0,0,0,0,0,0,0,0,0,0,0,0,0,0,0,0,0,0,0,0,0,0,0,0,0,0,0,0,0,0,0,0,0,0,0,0,0,0,0,0,0,0,0,0,0,0,0,0,0,0,0,0,0,0,0,0,0,0,0,0,0,0,0,0,0,0,0,0,0,0,0,0,0,0,0,0,0,0,0,0,0,0,0,0,0,0,0,0,0,0,0,0,0,0,0,0,0,0,0,0,0,0,0,0,0,0,0,0,0,0,0,0,0,0,0,0,0,0,0,0,0,0,0,0,0,0
